12 66
0 1 713
0 2 392
0 3 541
0 4 769
0 5 210
0 6 300
0 7 275
0 8 414
0 9 935
0 10 912
0 11 954
1 2 411
1 3 561
1 4 56
1 5 561
1 6 416
1 7 535
1 8 397
1 9 227
1 10 248
1 11 491
2 3 235
2 4 459
2 5 188
2 6 161
2 7 389
2 8 22
2 9 634
2 10 551
2 11 563
3 4 594
3 5 341
3 6 391
3 7 613
3 8 228
3 9 759
3 10 610
3 11 488
4 5 614
4 6 472
4 7 590
4 8 443
4 9 176
4 10 204
4 11 474
5 6 162
5 7 309
5 8 210
5 9 788
5 10 731
5 11 747
6 7 229
6 8 176
6 9 641
6 10 614
6 11 692
7 8 404
7 9 735
7 10 770
7 11 902
8 9 619
8 10 531
8 11 541
9 10 225
9 11 544
10 11 319
