80 99
0 26
0 45
0 55
1 43
1 75
2 4
2 9
2 18
2 21
3 37
3 49
3 53
4 41
4 73
5 8
6 21
6 52
6 72
7 38
7 59
9 79
10 32
10 65
11 31
11 64
11 75
11 79
13 47
13 57
14 42
14 43
14 55
15 73
16 17
16 21
16 45
16 68
18 53
18 55
19 51
20 25
20 48
20 60
21 62
22 26
24 36
25 27
25 34
25 51
25 71
26 30
26 60
26 65
26 68
26 75
27 50
27 78
28 39
28 61
28 71
29 38
30 76
32 75
33 52
33 59
34 58
35 53
36 38
36 70
39 55
39 56
39 62
40 47
40 52
40 74
41 42
41 60
42 53
42 70
44 62
45 56
46 58
49 69
50 55
50 60
50 62
50 73
53 76
57 58
60 78
62 70
63 69
64 79
67 68
67 71
68 74
68 78
69 70
71 78
