80 749
0 1
0 2
0 4
0 11
0 13
0 14
0 19
0 23
0 24
0 30
0 35
0 36
0 45
0 49
0 50
0 56
0 59
0 69
0 74
1 7
1 12
1 15
1 26
1 32
1 41
1 45
1 48
1 53
1 54
1 58
1 60
1 61
1 62
1 63
1 71
1 75
2 5
2 9
2 10
2 11
2 12
2 19
2 20
2 21
2 31
2 34
2 35
2 38
2 40
2 43
2 47
2 60
2 61
2 65
2 66
2 67
2 68
2 73
3 8
3 9
3 11
3 18
3 19
3 27
3 31
3 32
3 34
3 36
3 39
3 42
3 44
3 46
3 49
3 51
3 61
3 65
3 73
3 78
4 9
4 12
4 16
4 17
4 18
4 24
4 26
4 30
4 33
4 36
4 39
4 43
4 48
4 50
4 58
4 74
4 79
5 6
5 7
5 9
5 14
5 22
5 25
5 27
5 33
5 34
5 35
5 47
5 53
5 56
5 58
5 60
5 65
5 70
5 73
6 10
6 13
6 25
6 29
6 31
6 32
6 34
6 47
6 50
6 63
6 65
6 67
6 68
6 69
6 76
7 9
7 11
7 16
7 21
7 24
7 28
7 32
7 36
7 40
7 50
7 51
7 53
7 55
7 56
7 59
7 63
7 70
7 73
7 77
8 9
8 31
8 39
8 40
8 41
8 43
8 44
8 48
8 49
8 51
8 52
8 55
8 59
8 62
8 65
8 69
8 71
8 75
8 77
8 78
9 10
9 16
9 17
9 22
9 28
9 32
9 33
9 39
9 40
9 44
9 46
9 47
9 48
9 52
9 65
9 67
9 69
9 78
10 15
10 21
10 24
10 25
10 31
10 33
10 34
10 43
10 44
10 46
10 49
10 56
10 59
10 60
10 61
10 64
10 67
10 69
10 71
10 75
10 77
10 79
11 17
11 20
11 23
11 25
11 27
11 28
11 35
11 37
11 38
11 42
11 44
11 53
11 58
11 66
11 67
11 71
11 75
11 79
12 13
12 19
12 21
12 24
12 29
12 30
12 39
12 40
12 41
12 42
12 48
12 54
12 55
12 58
12 64
12 65
12 66
12 74
12 77
13 15
13 19
13 21
13 22
13 27
13 34
13 42
13 44
13 52
13 53
13 67
13 73
13 74
14 16
14 19
14 27
14 32
14 40
14 44
14 45
14 49
14 53
14 57
14 67
14 68
14 70
14 79
15 17
15 19
15 32
15 33
15 34
15 36
15 41
15 42
15 44
15 45
15 56
15 58
15 63
15 66
15 67
15 70
15 77
15 78
16 18
16 21
16 32
16 33
16 36
16 49
16 52
16 54
16 55
16 60
16 66
16 75
16 76
17 30
17 36
17 44
17 50
17 57
17 60
17 65
17 66
18 23
18 27
18 28
18 31
18 32
18 36
18 37
18 44
18 54
18 60
18 66
18 67
18 71
18 75
18 76
18 77
18 78
18 79
19 20
19 25
19 26
19 28
19 29
19 36
19 43
19 44
19 56
19 61
19 62
19 70
19 72
19 73
20 24
20 38
20 43
20 47
20 49
20 50
20 52
20 61
20 62
20 63
20 64
20 75
20 76
21 25
21 28
21 31
21 38
21 40
21 41
21 46
21 48
21 57
21 67
21 68
21 78
22 26
22 28
22 37
22 58
22 63
22 66
22 67
22 73
22 74
22 76
22 77
22 79
23 25
23 26
23 34
23 35
23 38
23 43
23 52
23 53
23 55
23 56
23 61
23 72
23 75
23 78
24 27
24 29
24 30
24 36
24 39
24 49
24 55
24 71
24 72
24 73
25 26
25 33
25 35
25 40
25 43
25 45
25 50
25 52
25 55
25 60
25 61
25 67
25 71
25 76
25 77
25 78
26 27
26 29
26 33
26 40
26 42
26 44
26 45
26 46
26 53
26 55
26 61
26 62
26 70
26 72
26 76
27 28
27 32
27 37
27 38
27 39
27 50
27 52
27 54
27 64
27 65
27 67
27 74
27 77
28 30
28 32
28 35
28 36
28 37
28 39
28 40
28 41
28 43
28 44
28 56
28 59
28 60
28 66
28 69
28 70
28 76
28 77
29 30
29 31
29 32
29 35
29 36
29 37
29 38
29 43
29 44
29 51
29 52
29 53
29 57
29 61
30 33
30 34
30 35
30 43
30 50
30 53
30 55
30 58
30 60
30 62
30 65
30 66
30 68
30 75
31 39
31 45
31 47
31 49
31 51
31 53
31 57
31 60
31 61
31 71
31 75
32 35
32 41
32 48
32 49
32 55
32 56
32 62
32 67
32 69
32 71
33 39
33 41
33 51
33 52
33 67
34 36
34 38
34 42
34 46
34 50
34 51
34 63
34 72
34 73
34 77
35 36
35 39
35 42
35 48
35 54
35 60
35 62
35 63
35 64
35 67
35 69
35 71
35 77
36 37
36 39
36 44
36 49
36 52
36 58
36 59
36 62
36 64
36 65
36 71
36 73
37 40
37 49
37 50
37 51
37 66
37 67
37 68
37 70
38 39
38 41
38 45
38 46
38 52
38 56
39 41
39 47
39 48
39 49
39 50
39 52
39 60
39 61
39 70
39 73
40 41
40 43
40 46
40 47
40 51
40 52
40 54
40 55
40 58
40 62
40 65
40 68
40 69
40 70
40 71
40 72
41 44
41 49
41 53
41 57
41 60
41 63
42 51
42 55
42 56
42 63
42 67
42 70
42 71
43 45
43 49
43 50
43 52
43 53
43 61
43 62
43 63
43 64
43 65
43 67
43 69
43 75
43 76
44 51
44 55
44 62
44 65
44 75
44 78
44 79
45 58
45 63
45 65
45 68
45 70
46 55
46 56
46 57
46 58
46 62
46 66
46 76
47 54
47 55
47 58
47 64
47 65
47 70
47 71
47 74
47 76
47 78
48 52
48 57
48 60
48 64
48 65
48 66
48 67
48 75
48 78
49 57
49 72
49 77
49 78
50 51
50 52
50 53
50 54
50 60
50 61
50 62
50 68
50 74
51 52
51 63
51 67
51 70
51 71
51 73
51 77
51 79
52 57
52 61
52 68
52 69
53 54
54 55
54 57
54 61
54 68
54 71
54 79
55 56
55 60
55 69
55 71
55 73
55 75
55 79
56 66
56 72
56 76
57 59
57 61
57 63
57 65
57 74
58 61
58 62
58 64
58 67
58 69
58 72
59 63
60 61
60 73
62 68
62 71
62 72
62 79
63 72
63 73
64 66
64 69
64 71
64 78
65 69
65 75
65 77
65 78
66 67
66 69
66 70
66 71
67 70
67 73
68 69
68 73
68 78
69 72
69 74
69 76
70 79
71 73
71 75
71 77
73 74
73 75
74 78
75 78
