80 113
0 38
0 50
0 56
0 64
0 79
2 17
2 59
2 60
2 79
3 12
3 28
3 55
3 72
4 41
5 28
5 51
6 27
6 34
6 73
6 78
7 50
7 77
8 11
8 42
8 48
8 55
9 62
9 67
10 38
11 46
11 71
12 14
12 23
12 35
12 39
12 48
12 61
12 62
13 61
15 19
15 35
15 68
15 70
16 39
16 43
16 49
16 69
17 19
17 24
18 26
18 43
18 78
19 63
20 64
20 71
21 42
23 45
23 57
23 79
24 26
24 41
24 42
24 43
24 45
25 36
27 31
27 34
27 67
27 74
28 39
29 68
29 72
30 32
30 79
31 59
31 62
31 64
31 73
31 77
32 47
32 73
35 53
37 55
39 40
39 76
40 50
40 60
42 67
43 48
43 70
44 50
44 74
47 55
47 79
48 58
49 59
51 59
53 64
54 75
54 79
56 74
58 67
58 69
60 69
60 75
61 73
62 70
64 77
65 68
67 68
69 74
70 78
71 79
