80 371
0 3
0 9
0 22
0 30
0 39
0 40
0 45
0 56
0 58
1 16
1 24
1 41
1 51
1 52
1 55
1 61
1 62
1 71
1 75
2 5
2 11
2 12
2 29
3 5
3 11
3 12
3 19
3 21
3 26
3 30
3 32
3 37
3 49
3 54
3 62
3 63
3 69
3 76
4 27
4 51
4 59
4 74
4 77
5 6
5 10
5 24
5 26
5 30
5 34
5 49
5 51
5 58
5 65
5 75
6 20
6 43
6 44
6 50
6 57
6 59
6 60
6 71
6 79
7 27
7 33
7 37
7 45
7 75
7 77
8 22
8 23
8 31
8 39
8 40
8 52
8 60
8 67
8 72
9 13
9 19
9 37
9 66
9 68
9 79
10 24
10 40
10 46
10 51
10 54
10 63
10 72
10 78
10 79
11 19
11 24
11 25
11 30
11 41
11 42
11 69
11 70
12 31
12 37
12 39
12 45
12 57
12 74
13 14
13 18
13 24
13 27
13 63
13 74
13 76
14 21
14 26
14 28
14 31
14 33
14 35
14 43
14 45
14 63
14 73
14 79
15 19
15 22
15 30
15 51
15 56
15 61
16 17
16 19
16 23
16 25
16 26
16 48
16 49
16 52
16 56
16 62
16 67
16 75
17 20
17 22
17 24
17 63
17 68
17 69
18 23
18 34
18 50
18 51
18 71
18 72
19 28
19 40
19 50
19 69
19 74
20 21
20 23
20 42
20 51
20 53
20 64
20 68
20 69
20 70
20 71
21 31
21 61
21 72
22 28
22 45
22 65
22 69
22 75
22 78
23 41
23 47
23 49
23 57
23 60
23 62
24 26
24 35
24 40
24 49
24 57
24 58
24 64
25 34
25 41
25 53
25 74
26 37
26 41
26 48
26 63
26 66
26 76
27 40
27 45
27 65
27 74
27 76
28 30
28 38
28 64
28 70
28 74
29 32
29 38
29 50
29 56
29 64
29 77
29 78
30 33
30 45
30 71
30 72
31 34
31 38
31 41
31 56
31 61
32 38
32 53
32 55
32 64
32 65
32 66
32 71
32 78
33 36
33 46
33 47
33 49
33 53
33 58
33 61
34 35
34 37
34 50
34 51
34 60
34 68
35 42
35 44
35 51
35 57
35 69
35 77
35 78
36 63
36 70
36 74
36 76
37 38
37 46
37 53
37 56
37 58
37 59
37 78
38 45
38 58
38 69
38 74
38 76
38 79
39 45
39 49
39 64
39 66
39 67
39 77
40 42
40 45
40 57
40 65
40 74
40 77
41 44
41 53
41 55
41 59
41 65
41 74
41 77
42 48
42 53
42 69
42 78
43 62
43 63
44 58
44 62
44 65
44 67
44 69
44 72
45 64
45 69
45 74
45 78
46 63
46 69
47 57
47 60
47 61
47 63
47 67
47 72
48 61
48 62
48 69
49 51
49 60
49 65
49 66
49 68
50 52
50 66
50 67
50 69
50 70
51 59
52 56
52 62
52 71
52 72
52 74
53 59
53 69
53 71
53 77
54 55
54 61
54 64
55 61
56 63
56 69
57 61
57 77
58 70
58 79
59 72
59 73
59 75
60 68
60 73
60 74
60 77
60 79
61 67
61 72
61 74
61 75
63 76
63 77
64 66
64 69
64 72
65 68
65 74
66 67
66 76
69 75
