80 183
0 14
0 34
0 51
1 32
1 54
2 15
2 36
2 39
2 43
2 66
2 74
3 6
3 42
3 68
3 70
3 75
4 13
4 27
4 40
4 46
4 57
4 59
4 63
4 79
5 16
5 36
5 48
5 71
6 38
6 69
7 8
7 19
8 49
8 69
9 17
9 40
9 43
9 55
10 15
10 22
10 28
10 35
10 58
11 24
11 51
11 55
11 78
12 15
12 68
12 74
13 17
13 69
13 71
14 21
14 32
15 25
15 36
15 51
15 59
15 77
16 26
16 32
16 46
16 58
17 36
18 29
18 31
18 39
18 47
18 49
18 58
18 67
19 69
20 23
20 43
20 61
20 77
21 24
21 27
21 39
21 42
21 61
22 45
22 56
22 62
22 65
23 32
23 42
23 63
25 31
25 53
25 54
25 69
26 29
26 45
26 70
27 51
27 57
27 70
28 34
28 43
28 55
28 62
28 64
29 30
29 43
29 67
29 68
29 71
30 37
31 42
31 53
31 55
31 75
32 52
32 76
33 47
35 70
35 72
36 49
36 64
36 77
37 68
37 74
38 46
38 55
38 71
39 40
39 44
39 47
39 53
39 68
41 55
42 47
42 61
42 73
43 50
43 53
44 50
44 56
44 57
44 73
44 79
46 54
46 70
47 64
48 51
48 70
49 50
49 77
49 79
50 69
50 76
51 60
52 65
52 72
54 66
54 67
55 57
55 63
55 65
55 68
55 72
56 66
56 74
57 77
60 66
60 68
60 71
60 74
62 64
62 73
63 72
64 76
64 78
67 71
67 72
68 69
68 73
68 74
69 78
71 73
74 79
