80 191
0 18
0 39
1 2
1 9
1 20
1 46
2 22
2 45
3 62
3 64
3 73
3 77
4 6
4 17
4 26
4 42
4 51
4 62
4 78
4 79
5 32
5 53
5 54
5 66
5 78
6 37
6 41
6 71
7 10
7 44
7 45
7 53
7 54
7 72
8 58
8 62
8 69
8 75
9 44
9 48
9 74
10 29
10 45
10 68
11 13
11 14
11 30
11 49
11 59
11 69
11 76
12 17
12 36
12 49
12 50
12 58
12 79
13 14
13 18
13 24
13 28
14 65
14 79
15 28
15 50
15 55
15 70
15 78
16 74
17 28
17 39
17 49
17 54
17 59
17 77
18 50
19 28
19 65
20 55
21 32
21 39
21 49
21 51
21 68
22 48
22 73
22 75
23 58
23 77
24 34
24 41
24 55
24 70
25 47
25 59
25 63
26 34
26 72
27 33
27 34
27 45
27 65
28 56
28 61
28 76
29 47
29 49
29 50
30 35
30 45
30 47
30 60
32 34
32 47
32 50
32 57
33 48
33 51
33 61
34 48
34 49
34 53
34 68
34 76
35 47
35 63
35 64
35 73
36 63
37 42
37 70
38 40
38 50
38 73
39 70
39 73
40 42
40 54
40 73
41 46
41 51
42 60
42 69
42 70
43 73
44 52
44 72
44 75
45 47
45 55
45 59
45 62
47 49
47 51
47 58
48 76
48 77
49 58
49 60
49 79
50 67
51 54
51 59
51 67
52 53
53 79
55 58
55 65
55 69
56 61
56 64
56 74
57 61
57 73
58 59
59 67
59 71
61 79
64 70
65 74
66 73
67 72
67 77
68 77
69 74
69 78
70 75
72 77
73 76
77 78
78 79
