80 1490
0 2
0 4
0 6
0 10
0 11
0 12
0 13
0 14
0 16
0 18
0 20
0 21
0 22
0 24
0 26
0 28
0 30
0 32
0 33
0 37
0 39
0 41
0 44
0 45
0 46
0 47
0 48
0 49
0 50
0 53
0 59
0 63
0 64
0 68
0 69
0 71
0 72
0 75
0 78
0 79
1 4
1 10
1 11
1 16
1 18
1 19
1 20
1 26
1 27
1 32
1 34
1 35
1 36
1 39
1 40
1 41
1 44
1 45
1 47
1 49
1 50
1 51
1 54
1 55
1 59
1 67
1 70
1 71
1 74
1 75
1 76
2 6
2 7
2 13
2 14
2 15
2 16
2 17
2 18
2 23
2 24
2 25
2 26
2 27
2 28
2 29
2 32
2 33
2 34
2 35
2 39
2 42
2 45
2 47
2 51
2 52
2 53
2 55
2 56
2 57
2 60
2 64
2 65
2 66
2 67
2 68
2 71
2 76
2 77
3 4
3 5
3 7
3 8
3 10
3 11
3 12
3 13
3 14
3 15
3 18
3 19
3 24
3 26
3 29
3 30
3 33
3 34
3 35
3 40
3 41
3 43
3 50
3 55
3 56
3 57
3 58
3 59
3 63
3 65
3 66
3 67
3 69
3 70
3 71
3 72
3 74
3 75
3 76
3 77
3 78
3 79
4 7
4 11
4 13
4 14
4 17
4 19
4 20
4 21
4 22
4 23
4 24
4 25
4 26
4 31
4 32
4 40
4 41
4 42
4 46
4 49
4 51
4 52
4 53
4 55
4 56
4 57
4 58
4 59
4 60
4 61
4 62
4 65
4 66
4 67
4 72
4 74
4 75
4 76
4 79
5 10
5 11
5 13
5 14
5 15
5 16
5 17
5 18
5 20
5 21
5 22
5 24
5 25
5 26
5 27
5 28
5 31
5 32
5 35
5 36
5 38
5 39
5 42
5 43
5 45
5 47
5 57
5 58
5 59
5 60
5 61
5 66
5 68
5 69
5 70
5 71
5 75
5 76
5 78
5 79
6 7
6 8
6 10
6 11
6 13
6 14
6 15
6 18
6 19
6 20
6 21
6 22
6 23
6 24
6 27
6 29
6 31
6 32
6 34
6 36
6 39
6 40
6 41
6 45
6 46
6 49
6 57
6 60
6 63
6 66
6 68
6 69
6 73
6 74
6 75
6 77
7 8
7 16
7 22
7 23
7 24
7 26
7 27
7 29
7 31
7 35
7 36
7 43
7 50
7 53
7 56
7 57
7 59
7 60
7 61
7 62
7 66
7 67
7 69
7 71
7 73
7 74
7 75
7 77
7 79
8 9
8 12
8 13
8 15
8 16
8 22
8 23
8 24
8 26
8 29
8 31
8 35
8 36
8 43
8 44
8 47
8 52
8 54
8 55
8 56
8 59
8 61
8 62
8 64
8 66
8 67
8 68
8 72
8 75
8 76
8 77
8 79
9 11
9 18
9 19
9 20
9 21
9 23
9 27
9 31
9 32
9 33
9 34
9 35
9 40
9 41
9 42
9 43
9 45
9 48
9 50
9 52
9 55
9 56
9 57
9 58
9 63
9 65
9 66
9 70
9 71
9 74
9 75
10 13
10 15
10 16
10 18
10 19
10 20
10 21
10 27
10 28
10 29
10 30
10 31
10 36
10 41
10 44
10 45
10 46
10 48
10 49
10 53
10 58
10 61
10 62
10 64
10 65
10 66
10 67
10 68
10 73
10 74
10 75
10 76
10 77
10 78
10 79
11 12
11 13
11 14
11 16
11 17
11 20
11 21
11 25
11 26
11 27
11 28
11 30
11 33
11 34
11 38
11 41
11 42
11 49
11 50
11 52
11 53
11 54
11 56
11 59
11 60
11 61
11 62
11 66
11 74
11 77
12 13
12 14
12 18
12 21
12 23
12 24
12 25
12 26
12 28
12 30
12 35
12 36
12 39
12 41
12 42
12 43
12 44
12 45
12 47
12 49
12 50
12 52
12 53
12 56
12 57
12 58
12 59
12 60
12 65
12 68
12 69
12 70
12 71
12 74
12 75
12 77
12 79
13 14
13 16
13 23
13 29
13 32
13 33
13 34
13 37
13 38
13 40
13 41
13 43
13 46
13 48
13 49
13 53
13 54
13 55
13 56
13 60
13 63
13 66
13 67
13 68
13 69
13 70
13 71
13 78
13 79
14 15
14 16
14 17
14 19
14 24
14 25
14 27
14 28
14 29
14 30
14 31
14 32
14 33
14 34
14 37
14 46
14 48
14 49
14 50
14 53
14 54
14 55
14 56
14 57
14 62
14 63
14 66
14 69
14 74
14 75
14 76
14 77
14 78
15 17
15 18
15 19
15 20
15 21
15 22
15 23
15 24
15 25
15 28
15 29
15 32
15 33
15 40
15 42
15 44
15 45
15 47
15 48
15 50
15 54
15 55
15 56
15 57
15 58
15 62
15 63
15 64
15 68
15 69
15 70
15 71
15 73
15 76
15 77
16 18
16 19
16 20
16 23
16 24
16 25
16 26
16 27
16 32
16 34
16 35
16 36
16 38
16 41
16 42
16 43
16 45
16 46
16 49
16 56
16 57
16 58
16 60
16 61
16 68
16 69
16 70
16 71
16 75
16 76
16 78
16 79
17 22
17 25
17 26
17 27
17 29
17 31
17 32
17 33
17 34
17 35
17 36
17 39
17 40
17 41
17 43
17 46
17 50
17 53
17 56
17 60
17 62
17 63
17 65
17 66
17 67
17 70
17 72
17 76
18 19
18 21
18 22
18 24
18 25
18 27
18 29
18 33
18 35
18 36
18 37
18 38
18 42
18 44
18 50
18 52
18 56
18 57
18 59
18 64
18 68
18 69
18 70
18 72
18 76
19 21
19 28
19 32
19 36
19 38
19 41
19 42
19 44
19 45
19 46
19 47
19 48
19 50
19 53
19 54
19 55
19 56
19 58
19 60
19 61
19 62
19 64
19 66
19 67
19 68
19 77
20 23
20 24
20 25
20 28
20 31
20 32
20 33
20 36
20 39
20 41
20 43
20 44
20 48
20 50
20 54
20 56
20 57
20 58
20 59
20 60
20 62
20 63
20 65
20 66
20 67
20 68
20 70
20 73
20 75
20 78
21 23
21 24
21 25
21 31
21 32
21 35
21 37
21 38
21 39
21 40
21 41
21 42
21 46
21 53
21 57
21 58
21 60
21 62
21 63
21 65
21 70
21 71
21 72
21 73
21 74
21 76
21 79
22 23
22 26
22 28
22 30
22 33
22 34
22 36
22 39
22 40
22 48
22 49
22 51
22 54
22 56
22 65
22 67
22 68
22 71
22 72
22 75
22 76
22 77
22 78
22 79
23 27
23 31
23 33
23 35
23 40
23 43
23 44
23 50
23 52
23 54
23 57
23 60
23 63
23 64
23 65
23 67
23 68
23 69
23 70
23 71
23 74
23 75
23 77
24 32
24 33
24 34
24 35
24 39
24 40
24 41
24 42
24 44
24 46
24 47
24 49
24 51
24 54
24 55
24 56
24 57
24 61
24 64
24 66
24 67
24 68
24 70
24 74
24 76
24 78
24 79
25 26
25 27
25 29
25 30
25 32
25 35
25 36
25 37
25 38
25 46
25 47
25 49
25 50
25 55
25 58
25 59
25 62
25 68
25 70
25 72
25 73
25 77
25 78
26 27
26 28
26 29
26 30
26 35
26 37
26 38
26 44
26 46
26 48
26 49
26 50
26 52
26 54
26 55
26 58
26 61
26 63
26 67
26 68
26 69
26 75
26 79
27 31
27 35
27 36
27 39
27 41
27 45
27 46
27 49
27 50
27 51
27 56
27 58
27 59
27 62
27 63
27 64
27 65
27 67
27 68
27 69
27 76
27 77
27 78
28 29
28 30
28 32
28 33
28 39
28 41
28 42
28 47
28 50
28 52
28 53
28 54
28 55
28 56
28 57
28 63
28 69
28 70
28 72
28 74
28 76
28 77
29 30
29 32
29 36
29 37
29 38
29 39
29 40
29 44
29 45
29 46
29 47
29 49
29 50
29 53
29 54
29 55
29 58
29 61
29 62
29 63
29 64
29 66
29 68
29 70
29 71
29 72
29 74
29 77
29 78
29 79
30 33
30 34
30 36
30 39
30 41
30 42
30 43
30 46
30 49
30 52
30 54
30 58
30 59
30 60
30 61
30 62
30 63
30 69
30 70
30 71
30 75
30 77
30 78
30 79
31 32
31 34
31 35
31 37
31 38
31 39
31 41
31 47
31 48
31 52
31 54
31 55
31 64
31 65
31 66
31 67
31 68
31 69
31 70
31 72
31 73
31 74
31 77
32 35
32 38
32 39
32 40
32 41
32 43
32 44
32 48
32 50
32 51
32 54
32 56
32 57
32 58
32 59
32 64
32 65
32 73
32 77
32 78
32 79
33 34
33 36
33 37
33 38
33 39
33 43
33 44
33 46
33 47
33 49
33 55
33 57
33 58
33 61
33 62
33 65
33 68
33 73
33 74
33 75
33 77
33 79
34 36
34 37
34 38
34 42
34 45
34 46
34 51
34 53
34 54
34 55
34 56
34 59
34 60
34 62
34 64
34 65
34 66
34 67
34 69
34 70
34 73
34 74
34 75
34 79
35 37
35 38
35 42
35 43
35 47
35 49
35 51
35 52
35 53
35 55
35 56
35 57
35 58
35 59
35 60
35 62
35 63
35 66
35 67
35 68
35 69
35 70
35 71
35 73
35 77
36 37
36 38
36 41
36 42
36 44
36 45
36 50
36 51
36 52
36 57
36 58
36 60
36 62
36 66
36 68
36 69
36 74
36 76
37 38
37 41
37 44
37 46
37 47
37 48
37 51
37 54
37 56
37 57
37 58
37 59
37 61
37 63
37 64
37 65
37 66
37 69
37 73
37 75
37 78
37 79
38 39
38 42
38 47
38 48
38 49
38 50
38 51
38 53
38 57
38 60
38 61
38 64
38 66
38 70
38 71
38 72
38 73
38 74
38 75
38 79
39 42
39 45
39 46
39 48
39 50
39 51
39 52
39 54
39 55
39 58
39 60
39 61
39 62
39 63
39 64
39 65
39 66
39 68
39 69
39 75
39 76
39 78
40 41
40 43
40 45
40 49
40 50
40 51
40 53
40 54
40 55
40 56
40 69
40 72
40 73
40 75
40 77
41 43
41 50
41 51
41 52
41 53
41 55
41 64
41 66
41 67
41 71
41 76
41 78
42 43
42 45
42 47
42 49
42 50
42 53
42 54
42 55
42 56
42 59
42 63
42 64
42 65
42 66
42 69
42 71
42 73
42 74
42 75
42 76
43 44
43 45
43 46
43 47
43 48
43 53
43 54
43 56
43 61
43 62
43 63
43 65
43 67
43 70
43 74
43 75
43 77
44 45
44 46
44 48
44 50
44 55
44 57
44 60
44 62
44 66
44 67
44 69
44 71
44 72
44 75
44 76
44 77
45 47
45 48
45 50
45 56
45 57
45 61
45 64
45 66
45 69
45 71
45 74
45 76
45 77
45 79
46 51
46 52
46 53
46 55
46 58
46 59
46 61
46 64
46 66
46 71
46 73
46 74
46 77
47 48
47 52
47 53
47 57
47 59
47 61
47 63
47 64
47 66
47 68
47 69
47 71
47 73
47 74
47 77
47 78
48 51
48 54
48 56
48 57
48 61
48 63
48 65
48 71
48 72
48 74
48 75
48 76
48 77
48 78
49 52
49 53
49 57
49 61
49 63
49 64
49 65
49 68
49 69
49 72
49 73
49 76
49 77
49 79
50 51
50 52
50 53
50 56
50 57
50 59
50 60
50 62
50 63
50 69
50 70
50 71
50 74
50 77
50 78
51 52
51 53
51 55
51 59
51 60
51 61
51 64
51 65
51 66
51 67
51 69
51 71
51 72
51 73
51 75
51 76
51 77
51 78
51 79
52 54
52 56
52 59
52 63
52 68
52 71
52 75
52 76
52 79
53 55
53 56
53 58
53 60
53 61
53 67
53 68
53 69
53 70
53 71
53 72
53 73
53 74
53 75
53 78
53 79
54 55
54 61
54 62
54 68
54 69
54 70
54 73
54 75
54 79
55 57
55 58
55 59
55 61
55 64
55 65
55 66
55 69
55 70
55 71
55 73
55 76
55 78
56 59
56 62
56 63
56 64
56 68
56 70
56 73
56 74
56 79
57 64
57 65
57 66
57 67
57 68
57 71
57 74
57 79
58 60
58 69
58 70
58 73
58 76
58 77
58 78
58 79
59 60
59 61
59 63
59 64
59 66
59 68
59 70
59 71
59 73
59 77
59 78
60 61
60 62
60 63
60 64
60 70
60 71
60 76
60 79
61 66
61 67
61 70
61 71
61 72
61 75
61 76
61 77
61 79
62 65
62 69
62 70
62 71
62 75
62 77
62 79
63 64
63 66
63 68
63 70
63 71
63 72
63 78
64 66
64 68
64 75
64 76
64 77
65 67
65 69
65 70
65 71
65 76
65 77
66 70
66 71
66 73
66 74
66 75
66 76
66 79
67 68
67 69
67 72
67 73
67 74
67 75
68 70
68 72
68 74
68 76
68 77
69 70
69 74
69 76
70 72
70 73
70 75
70 78
71 76
71 77
71 78
71 79
72 73
72 75
72 78
73 75
73 76
74 75
74 77
74 79
75 76
77 78
