80 1530
0 3
0 4
0 5
0 9
0 11
0 12
0 13
0 14
0 15
0 18
0 21
0 24
0 26
0 28
0 29
0 30
0 32
0 35
0 40
0 41
0 42
0 43
0 44
0 46
0 51
0 57
0 58
0 59
0 60
0 64
0 66
0 68
0 69
0 71
0 75
0 76
0 77
0 79
1 4
1 5
1 8
1 10
1 12
1 14
1 15
1 22
1 25
1 29
1 30
1 33
1 34
1 35
1 42
1 43
1 44
1 45
1 46
1 48
1 49
1 51
1 54
1 59
1 61
1 62
1 64
1 65
1 67
1 71
1 73
1 76
1 77
1 78
1 79
2 3
2 7
2 8
2 10
2 12
2 14
2 15
2 18
2 19
2 21
2 22
2 25
2 27
2 29
2 31
2 33
2 38
2 39
2 40
2 41
2 43
2 44
2 51
2 55
2 56
2 58
2 60
2 61
2 62
2 66
2 68
2 69
2 70
2 74
2 75
2 76
2 79
3 4
3 5
3 6
3 7
3 9
3 10
3 11
3 12
3 15
3 16
3 17
3 18
3 19
3 20
3 21
3 26
3 27
3 29
3 32
3 33
3 34
3 38
3 39
3 43
3 45
3 50
3 52
3 53
3 54
3 59
3 64
3 66
3 67
3 68
3 70
3 71
3 73
3 75
4 6
4 7
4 10
4 11
4 12
4 13
4 14
4 16
4 18
4 19
4 22
4 24
4 25
4 26
4 28
4 29
4 30
4 38
4 40
4 42
4 43
4 45
4 46
4 47
4 49
4 50
4 54
4 56
4 57
4 58
4 59
4 63
4 64
4 65
4 67
4 69
4 70
4 71
4 72
4 74
4 75
4 77
4 79
5 6
5 8
5 9
5 10
5 11
5 12
5 13
5 14
5 15
5 18
5 22
5 25
5 29
5 31
5 33
5 36
5 39
5 41
5 42
5 44
5 45
5 47
5 49
5 51
5 56
5 58
5 63
5 66
5 68
5 73
5 74
5 75
5 77
5 79
6 7
6 8
6 11
6 13
6 14
6 15
6 16
6 26
6 27
6 34
6 35
6 36
6 37
6 38
6 41
6 42
6 44
6 45
6 47
6 50
6 52
6 54
6 55
6 56
6 57
6 60
6 61
6 62
6 67
6 68
6 69
6 70
6 71
6 72
6 76
7 8
7 9
7 10
7 12
7 13
7 15
7 16
7 19
7 21
7 24
7 25
7 28
7 29
7 30
7 32
7 34
7 36
7 40
7 41
7 44
7 45
7 49
7 51
7 53
7 56
7 57
7 59
7 61
7 62
7 63
7 65
7 67
7 70
7 71
7 73
7 75
7 76
7 77
7 78
8 9
8 10
8 14
8 15
8 17
8 19
8 22
8 24
8 25
8 26
8 28
8 30
8 32
8 35
8 36
8 39
8 40
8 42
8 44
8 45
8 49
8 53
8 63
8 64
8 65
8 68
8 71
8 76
8 77
8 78
8 79
9 10
9 12
9 14
9 16
9 17
9 18
9 21
9 24
9 27
9 30
9 32
9 35
9 36
9 37
9 40
9 42
9 45
9 46
9 47
9 48
9 50
9 53
9 55
9 56
9 61
9 62
9 65
9 66
9 67
9 69
9 70
9 72
9 74
9 75
9 76
9 77
9 78
10 11
10 14
10 20
10 21
10 22
10 24
10 27
10 28
10 29
10 30
10 34
10 35
10 39
10 41
10 43
10 44
10 46
10 47
10 49
10 51
10 53
10 55
10 57
10 61
10 62
10 64
10 65
10 66
10 67
10 68
10 69
10 70
10 71
10 72
10 73
10 75
10 77
10 78
10 79
11 15
11 18
11 19
11 21
11 23
11 24
11 25
11 27
11 29
11 31
11 33
11 34
11 36
11 39
11 40
11 46
11 47
11 48
11 49
11 50
11 51
11 55
11 61
11 62
11 63
11 65
11 66
11 72
11 75
11 76
11 79
12 15
12 16
12 17
12 20
12 21
12 22
12 28
12 29
12 32
12 33
12 35
12 38
12 42
12 43
12 47
12 49
12 53
12 54
12 65
12 67
12 68
12 70
12 74
12 76
12 78
12 79
13 14
13 16
13 17
13 18
13 22
13 24
13 26
13 28
13 33
13 35
13 36
13 37
13 38
13 39
13 44
13 45
13 49
13 57
13 58
13 59
13 60
13 61
13 62
13 65
13 66
13 69
13 71
13 72
13 74
13 75
13 78
14 15
14 16
14 19
14 21
14 26
14 31
14 33
14 34
14 37
14 38
14 43
14 45
14 47
14 48
14 51
14 53
14 55
14 56
14 57
14 58
14 63
14 66
14 67
14 70
14 71
14 72
14 74
14 75
14 77
15 18
15 19
15 23
15 25
15 27
15 28
15 29
15 30
15 31
15 32
15 34
15 36
15 40
15 42
15 47
15 49
15 50
15 51
15 55
15 56
15 59
15 62
15 63
15 65
15 68
15 69
15 72
15 75
16 17
16 18
16 21
16 24
16 25
16 26
16 28
16 30
16 33
16 38
16 39
16 40
16 41
16 43
16 44
16 47
16 50
16 52
16 53
16 54
16 55
16 56
16 57
16 59
16 62
16 67
16 68
16 70
16 72
16 79
17 19
17 20
17 21
17 22
17 24
17 26
17 27
17 29
17 30
17 31
17 32
17 33
17 35
17 37
17 38
17 39
17 44
17 48
17 49
17 52
17 54
17 55
17 56
17 57
17 60
17 62
17 63
17 68
17 71
17 72
17 74
17 75
17 78
18 21
18 22
18 24
18 25
18 32
18 34
18 35
18 37
18 39
18 44
18 45
18 48
18 49
18 51
18 53
18 57
18 58
18 59
18 61
18 64
18 65
18 66
18 67
18 70
18 75
19 21
19 23
19 24
19 25
19 26
19 28
19 30
19 33
19 35
19 36
19 37
19 39
19 43
19 49
19 51
19 57
19 58
19 59
19 61
19 62
19 63
19 67
19 70
19 71
19 76
19 77
19 78
20 25
20 26
20 28
20 30
20 31
20 33
20 34
20 35
20 41
20 42
20 43
20 44
20 49
20 51
20 55
20 57
20 58
20 62
20 63
20 64
20 66
20 68
20 71
20 75
20 78
21 23
21 26
21 28
21 33
21 35
21 36
21 39
21 41
21 42
21 43
21 45
21 47
21 48
21 49
21 51
21 55
21 57
21 63
21 64
21 65
21 67
21 68
21 70
21 72
21 73
21 77
21 78
22 23
22 25
22 26
22 27
22 30
22 31
22 33
22 34
22 35
22 36
22 39
22 43
22 48
22 49
22 51
22 54
22 58
22 59
22 60
22 61
22 64
22 66
22 70
22 71
22 72
22 76
22 77
23 25
23 28
23 31
23 34
23 35
23 36
23 37
23 40
23 41
23 42
23 47
23 48
23 50
23 51
23 52
23 54
23 55
23 58
23 59
23 60
23 62
23 63
23 66
23 75
23 76
23 79
24 25
24 26
24 30
24 31
24 33
24 34
24 35
24 36
24 37
24 39
24 40
24 42
24 43
24 44
24 46
24 47
24 49
24 52
24 55
24 57
24 58
24 62
24 63
24 64
24 65
24 68
24 70
24 71
24 72
24 74
24 75
24 76
24 79
25 27
25 28
25 31
25 35
25 36
25 37
25 38
25 39
25 41
25 42
25 43
25 45
25 46
25 48
25 49
25 51
25 52
25 55
25 56
25 57
25 59
25 60
25 64
25 69
25 71
25 76
25 78
25 79
26 28
26 32
26 34
26 35
26 37
26 38
26 39
26 40
26 42
26 43
26 44
26 48
26 50
26 51
26 52
26 53
26 54
26 55
26 56
26 57
26 59
26 60
26 61
26 62
26 64
26 66
26 68
26 69
26 70
26 71
26 73
26 74
26 75
26 76
27 29
27 30
27 31
27 35
27 37
27 39
27 41
27 42
27 46
27 49
27 50
27 51
27 52
27 53
27 56
27 57
27 59
27 60
27 61
27 63
27 64
27 66
27 68
27 69
27 71
27 72
27 73
27 75
27 77
28 29
28 32
28 34
28 35
28 37
28 44
28 45
28 47
28 49
28 50
28 54
28 57
28 58
28 62
28 63
28 64
28 66
28 73
28 74
28 75
28 77
28 78
29 30
29 31
29 32
29 34
29 36
29 42
29 44
29 45
29 49
29 50
29 51
29 52
29 54
29 57
29 58
29 59
29 61
29 62
29 64
29 65
29 67
29 71
29 72
29 73
29 75
29 76
29 78
30 31
30 33
30 34
30 37
30 40
30 42
30 43
30 49
30 50
30 51
30 53
30 55
30 57
30 62
30 64
30 65
30 67
30 69
30 71
30 72
30 73
30 74
31 32
31 33
31 34
31 35
31 38
31 44
31 47
31 48
31 49
31 51
31 55
31 58
31 59
31 60
31 61
31 62
31 63
31 65
31 67
31 71
31 73
31 76
31 77
31 78
32 37
32 40
32 44
32 48
32 49
32 51
32 52
32 55
32 56
32 61
32 62
32 64
32 65
32 67
32 68
32 70
32 72
32 73
32 76
32 77
32 78
32 79
33 36
33 37
33 38
33 39
33 40
33 42
33 44
33 45
33 48
33 50
33 53
33 55
33 57
33 59
33 60
33 61
33 62
33 63
33 66
33 68
33 71
33 72
33 74
33 75
33 76
33 77
33 78
33 79
34 35
34 36
34 38
34 41
34 44
34 46
34 48
34 49
34 50
34 51
34 53
34 55
34 56
34 57
34 58
34 59
34 61
34 62
34 63
34 64
34 65
34 67
34 68
34 71
34 73
34 74
34 77
35 36
35 38
35 40
35 41
35 43
35 44
35 47
35 51
35 53
35 61
35 63
35 64
35 66
35 67
35 69
35 71
35 76
35 77
36 40
36 47
36 48
36 49
36 50
36 52
36 54
36 61
36 63
36 67
36 69
36 70
36 71
36 74
36 75
36 78
36 79
37 39
37 42
37 43
37 46
37 47
37 50
37 51
37 52
37 55
37 57
37 58
37 59
37 62
37 64
37 73
37 75
37 77
37 79
38 40
38 41
38 42
38 46
38 47
38 48
38 51
38 52
38 55
38 63
38 64
38 66
38 76
38 77
39 40
39 41
39 45
39 47
39 50
39 52
39 53
39 54
39 57
39 58
39 59
39 60
39 61
39 63
39 64
39 69
39 70
39 71
39 74
39 78
39 79
40 43
40 44
40 47
40 51
40 54
40 58
40 59
40 60
40 61
40 62
40 63
40 64
40 66
40 68
40 69
40 72
40 73
40 74
40 76
40 77
40 79
41 42
41 44
41 45
41 47
41 48
41 49
41 51
41 54
41 56
41 57
41 58
41 59
41 60
41 61
41 62
41 65
41 66
41 70
41 71
41 72
41 75
41 76
41 77
41 79
42 43
42 44
42 45
42 46
42 50
42 51
42 53
42 54
42 57
42 61
42 63
42 64
42 65
42 66
42 67
42 68
42 69
42 70
42 71
42 72
42 73
42 78
43 46
43 47
43 48
43 52
43 54
43 55
43 57
43 59
43 60
43 63
43 65
43 68
43 69
43 70
43 71
43 72
43 74
43 77
43 79
44 45
44 47
44 49
44 51
44 52
44 55
44 56
44 59
44 63
44 64
44 65
44 69
44 70
44 73
44 75
44 78
44 79
45 46
45 47
45 49
45 50
45 53
45 59
45 60
45 61
45 64
45 65
45 66
45 71
45 75
45 76
45 78
46 48
46 54
46 56
46 57
46 59
46 60
46 63
46 64
46 65
46 66
46 73
46 77
47 48
47 49
47 54
47 55
47 56
47 59
47 60
47 63
47 64
47 66
47 68
47 69
47 71
47 73
47 74
47 76
47 77
48 51
48 53
48 54
48 58
48 60
48 63
48 65
48 69
48 70
48 72
48 75
48 79
49 50
49 52
49 54
49 57
49 60
49 62
49 64
49 65
49 68
49 69
49 73
49 74
49 77
49 78
49 79
50 52
50 53
50 55
50 59
50 60
50 61
50 63
50 64
50 66
50 67
50 69
50 73
50 74
50 78
50 79
51 54
51 55
51 57
51 58
51 60
51 62
51 65
51 66
51 67
51 68
51 69
51 70
51 71
51 72
51 75
51 76
51 78
51 79
52 53
52 54
52 55
52 58
52 59
52 60
52 61
52 62
52 64
52 65
52 66
52 67
52 68
52 71
52 72
52 73
52 74
52 75
53 56
53 59
53 64
53 69
53 70
53 71
53 73
53 74
53 75
53 76
54 55
54 56
54 58
54 59
54 60
54 61
54 63
54 64
54 65
54 67
54 72
54 74
54 75
54 76
54 78
55 56
55 57
55 58
55 60
55 64
55 65
55 75
55 76
55 77
56 58
56 60
56 61
56 63
56 67
56 68
56 69
56 70
56 71
56 75
56 76
57 60
57 61
57 62
57 63
57 64
57 67
57 75
57 76
57 79
58 63
58 64
58 65
58 66
58 67
58 68
58 70
58 71
58 72
58 75
58 76
58 77
59 61
59 62
59 65
59 70
59 71
59 73
59 75
59 79
60 61
60 68
60 72
60 73
60 74
60 77
61 62
61 67
61 68
61 70
61 72
61 75
61 76
61 77
61 79
62 64
62 66
62 69
62 70
62 73
62 75
62 77
62 79
63 64
63 71
63 72
63 73
63 75
63 77
64 65
64 67
64 68
64 70
64 76
64 78
65 70
65 71
65 72
65 73
65 77
65 78
66 68
66 69
66 72
66 73
66 74
66 77
66 78
67 73
67 74
67 75
67 77
68 71
69 70
69 71
69 73
69 75
69 76
69 78
70 71
70 74
70 75
70 76
70 78
70 79
71 76
71 79
72 75
72 78
73 74
73 76
74 75
74 79
75 77
77 78
77 79
