80 752
0 5
0 10
0 12
0 16
0 24
0 27
0 29
0 31
0 35
0 36
0 38
0 40
0 44
0 45
0 47
0 50
0 52
0 53
0 56
0 68
1 4
1 9
1 10
1 11
1 12
1 14
1 18
1 23
1 25
1 28
1 29
1 30
1 37
1 44
1 46
1 48
1 57
1 60
1 65
1 66
1 69
1 72
1 74
1 76
2 5
2 7
2 23
2 28
2 35
2 37
2 39
2 40
2 44
2 52
2 58
2 65
2 70
2 71
2 77
3 4
3 5
3 6
3 13
3 14
3 15
3 18
3 26
3 32
3 38
3 41
3 43
3 44
3 50
3 57
3 58
3 59
3 62
3 65
3 70
3 75
3 76
4 6
4 8
4 12
4 17
4 23
4 29
4 35
4 36
4 40
4 45
4 52
4 59
4 62
4 67
4 68
4 76
5 7
5 11
5 15
5 17
5 22
5 39
5 42
5 44
5 51
5 59
5 61
5 66
5 68
5 72
5 73
6 7
6 15
6 21
6 22
6 24
6 25
6 30
6 34
6 35
6 37
6 38
6 45
6 49
6 51
6 67
6 69
6 71
6 73
6 78
6 79
7 14
7 21
7 24
7 28
7 29
7 34
7 35
7 41
7 50
7 51
7 58
7 59
7 61
7 69
7 71
7 75
7 76
8 9
8 10
8 11
8 14
8 17
8 18
8 25
8 27
8 32
8 34
8 37
8 42
8 51
8 58
8 61
8 69
8 73
8 78
8 79
9 11
9 13
9 17
9 25
9 33
9 35
9 39
9 42
9 43
9 47
9 50
9 52
9 54
9 57
9 59
9 62
9 67
9 69
9 71
9 76
9 79
10 16
10 19
10 24
10 31
10 34
10 38
10 41
10 45
10 49
10 50
10 54
10 59
10 71
10 73
10 76
10 77
10 79
11 17
11 19
11 22
11 32
11 39
11 40
11 51
11 52
11 60
11 63
11 71
11 73
12 14
12 20
12 26
12 27
12 33
12 35
12 45
12 48
12 53
12 58
12 59
12 69
12 78
13 19
13 22
13 23
13 26
13 29
13 33
13 40
13 41
13 42
13 49
13 51
13 57
13 62
13 63
13 66
13 71
13 74
14 17
14 18
14 24
14 25
14 26
14 37
14 38
14 45
14 48
14 66
14 72
15 28
15 36
15 37
15 41
15 47
15 50
15 51
15 54
15 55
15 56
15 63
15 67
15 73
15 77
15 78
16 30
16 31
16 33
16 40
16 45
16 47
16 49
16 51
16 52
16 69
16 70
16 71
16 72
16 78
17 20
17 23
17 25
17 26
17 27
17 28
17 30
17 34
17 35
17 36
17 43
17 44
17 47
17 49
17 53
17 62
17 65
17 67
17 71
18 25
18 27
18 41
18 44
18 45
18 52
18 54
18 69
18 70
18 78
19 22
19 23
19 33
19 41
19 42
19 45
19 46
19 53
19 54
19 57
19 58
19 60
19 66
19 70
19 71
19 72
19 75
19 76
19 78
20 32
20 35
20 42
20 43
20 45
20 52
20 53
20 55
20 58
20 64
20 65
20 67
20 74
20 76
20 79
21 24
21 28
21 29
21 48
21 50
21 51
21 54
21 59
21 65
21 78
22 42
22 43
22 44
22 47
22 53
22 54
22 56
22 58
22 65
22 78
23 24
23 32
23 35
23 41
23 42
23 44
23 46
23 47
23 48
23 49
23 50
23 54
23 55
23 56
23 73
23 77
23 78
24 25
24 30
24 32
24 34
24 38
24 41
24 43
24 46
24 47
24 48
24 49
24 58
24 61
24 64
24 66
24 70
24 73
24 77
25 26
25 28
25 29
25 33
25 39
25 46
25 47
25 48
25 49
25 50
25 51
25 52
25 62
25 65
25 72
25 76
26 27
26 28
26 30
26 34
26 35
26 37
26 44
26 47
26 52
26 53
26 56
26 58
26 65
26 72
27 28
27 29
27 31
27 35
27 38
27 42
27 43
27 45
27 49
27 55
27 64
27 67
27 68
27 77
28 31
28 35
28 39
28 41
28 47
28 53
28 55
28 56
28 62
28 65
28 68
28 75
28 76
29 30
29 33
29 34
29 44
29 45
29 47
29 51
29 56
29 58
29 61
29 71
29 73
29 79
30 31
30 33
30 41
30 46
30 50
30 59
30 62
30 64
30 70
31 38
31 39
31 45
31 70
31 73
31 78
32 33
32 41
32 45
32 46
32 47
32 49
32 51
32 56
32 66
32 71
32 76
33 36
33 39
33 40
33 43
33 44
33 46
33 49
33 53
33 54
33 61
33 65
33 71
34 39
34 46
34 52
34 57
34 63
34 67
34 71
34 72
34 73
35 42
35 45
35 50
35 51
35 68
35 70
35 79
36 37
36 39
36 50
36 55
36 56
36 58
36 60
36 76
37 40
37 42
37 43
37 48
37 63
37 64
37 68
37 71
37 79
38 40
38 41
38 45
38 48
38 52
38 59
38 60
38 63
38 69
39 41
39 48
39 50
39 55
39 57
39 65
39 72
39 77
39 79
40 42
40 47
40 48
40 51
40 61
40 66
40 69
40 74
40 77
41 43
41 45
41 46
41 47
41 49
41 52
41 53
41 57
41 63
41 66
41 68
41 70
42 43
42 52
42 53
42 54
42 62
42 65
42 69
42 76
43 47
43 49
43 66
43 73
44 46
44 48
44 53
44 58
44 66
44 68
44 69
44 72
45 49
45 51
45 55
45 57
45 61
45 67
45 78
46 53
46 54
46 62
46 68
46 69
46 74
47 48
47 49
47 50
47 51
47 54
47 59
47 61
47 62
47 68
47 79
48 53
48 60
48 68
48 71
48 76
48 78
49 54
49 55
49 60
49 66
49 67
49 68
49 71
49 72
49 75
49 76
50 51
50 64
50 66
50 75
50 76
51 63
51 70
51 75
52 53
52 56
52 60
52 64
52 65
52 66
52 67
52 71
52 72
52 73
53 56
53 57
53 63
54 60
54 64
54 67
54 68
54 78
55 56
55 58
55 59
55 66
55 69
55 71
55 72
55 76
56 59
56 61
56 65
56 71
56 76
57 58
57 60
57 61
57 65
57 73
57 74
57 75
58 63
58 65
58 67
58 71
58 72
58 73
58 76
58 79
59 64
59 65
59 67
59 69
59 79
60 61
60 62
60 63
60 67
60 68
60 79
61 64
61 65
61 73
61 75
61 77
62 65
62 66
62 73
62 76
63 65
63 66
63 70
63 72
63 76
64 66
64 68
64 73
64 75
64 76
64 77
64 79
65 72
66 67
66 68
66 75
67 68
67 70
67 76
67 77
67 78
68 71
68 74
69 71
69 72
69 73
69 76
69 79
70 76
71 75
73 75
73 78
77 78
