80 99
2 29
2 36
3 4
4 44
5 68
6 25
7 38
7 66
7 70
8 11
8 65
8 69
9 11
10 74
10 77
11 25
11 34
11 42
11 56
12 23
12 51
12 77
13 36
13 38
13 42
13 73
14 39
14 73
14 74
14 75
14 76
15 75
16 19
17 20
17 36
17 62
18 45
19 21
19 26
19 34
19 52
19 53
20 39
21 47
21 72
22 35
22 44
22 45
23 62
24 30
24 33
24 59
24 60
25 37
25 77
26 52
26 75
28 37
29 60
29 65
30 44
30 50
30 66
31 39
32 41
32 73
32 74
33 60
33 73
33 79
34 55
34 64
35 74
39 53
39 58
39 61
40 57
40 59
43 62
43 71
46 52
47 65
49 73
50 79
51 74
54 67
54 72
55 69
56 74
57 60
57 68
57 71
58 77
59 67
61 63
61 64
68 72
69 77
75 77
