80 788
0 7
0 8
0 11
0 14
0 16
0 17
0 21
0 24
0 25
0 27
0 33
0 35
0 37
0 47
0 50
0 63
0 67
0 70
0 72
0 74
0 75
0 77
0 78
1 8
1 14
1 15
1 18
1 24
1 27
1 29
1 33
1 43
1 50
1 51
1 57
1 60
1 65
1 66
1 67
1 68
1 70
1 72
1 73
1 76
1 79
2 3
2 7
2 10
2 15
2 18
2 21
2 26
2 35
2 42
2 47
2 48
2 50
2 56
2 60
2 65
2 69
2 71
2 77
2 78
2 79
3 4
3 5
3 9
3 13
3 15
3 17
3 22
3 23
3 26
3 29
3 31
3 34
3 40
3 43
3 46
3 47
3 49
3 50
3 55
3 64
3 68
4 6
4 7
4 11
4 16
4 22
4 25
4 28
4 29
4 30
4 34
4 38
4 39
4 42
4 44
4 68
4 74
4 76
4 77
4 78
4 79
5 6
5 9
5 12
5 13
5 16
5 23
5 27
5 35
5 38
5 46
5 48
5 52
5 59
5 61
5 64
5 77
6 7
6 8
6 15
6 19
6 22
6 23
6 27
6 32
6 35
6 36
6 41
6 47
6 59
6 61
6 62
6 63
6 69
6 76
7 8
7 10
7 12
7 14
7 15
7 23
7 29
7 33
7 35
7 39
7 44
7 53
7 61
7 67
7 73
7 75
7 78
8 10
8 11
8 15
8 17
8 18
8 21
8 30
8 31
8 32
8 33
8 34
8 35
8 41
8 42
8 44
8 48
8 55
8 63
8 69
8 71
8 73
8 79
9 13
9 25
9 27
9 29
9 36
9 43
9 52
9 53
9 54
9 55
9 68
9 69
9 71
9 72
10 13
10 16
10 22
10 31
10 33
10 36
10 42
10 54
10 56
10 60
10 64
10 65
10 72
10 75
11 14
11 18
11 20
11 21
11 26
11 27
11 28
11 35
11 45
11 48
11 49
11 58
11 60
11 65
11 67
11 69
11 79
12 15
12 21
12 22
12 23
12 26
12 28
12 30
12 31
12 35
12 40
12 44
12 48
12 49
12 51
12 56
12 59
12 70
12 73
12 79
13 18
13 19
13 24
13 25
13 31
13 34
13 37
13 42
13 46
13 49
13 57
13 68
13 75
14 17
14 21
14 28
14 34
14 36
14 39
14 41
14 50
14 53
14 54
14 56
14 58
14 60
14 69
14 72
14 78
15 16
15 21
15 26
15 29
15 33
15 34
15 36
15 48
15 52
15 67
15 73
15 78
15 79
16 23
16 31
16 36
16 37
16 39
16 49
16 50
16 52
16 60
16 63
16 64
16 65
16 67
16 71
17 21
17 30
17 33
17 39
17 43
17 46
17 55
17 58
17 60
17 63
17 64
17 66
17 68
17 69
17 73
17 78
18 22
18 23
18 28
18 30
18 39
18 41
18 45
18 50
18 53
18 54
18 56
18 57
18 59
18 63
18 73
18 74
18 76
19 21
19 26
19 27
19 28
19 30
19 33
19 42
19 51
19 55
19 61
19 64
19 66
19 76
20 21
20 22
20 27
20 31
20 36
20 37
20 38
20 43
20 46
20 47
20 48
20 56
20 57
20 63
20 66
20 75
20 78
21 29
21 32
21 34
21 36
21 37
21 38
21 42
21 50
21 55
21 56
21 68
21 71
21 73
22 24
22 32
22 34
22 41
22 44
22 46
22 47
22 52
22 53
22 60
22 64
22 65
23 25
23 27
23 29
23 36
23 39
23 42
23 58
23 64
23 67
23 70
23 72
23 74
24 25
24 36
24 42
24 43
24 52
24 55
24 57
24 60
24 62
24 71
24 73
24 78
24 79
25 28
25 37
25 38
25 41
25 42
25 46
25 59
25 62
25 69
25 70
25 71
25 75
25 76
25 79
26 27
26 28
26 29
26 31
26 36
26 39
26 41
26 43
26 44
26 46
26 49
26 53
26 55
26 60
26 62
26 63
26 68
26 69
26 71
26 72
26 73
27 29
27 31
27 35
27 36
27 37
27 39
27 43
27 44
27 52
27 55
27 57
27 59
27 64
27 67
27 78
28 31
28 35
28 37
28 46
28 47
28 52
28 61
28 63
28 64
28 71
29 33
29 34
29 40
29 43
29 46
29 49
29 51
29 53
29 54
29 56
29 63
29 69
29 73
30 33
30 35
30 42
30 46
30 52
30 57
30 62
30 66
30 70
30 71
31 34
31 35
31 36
31 39
31 44
31 45
31 46
31 50
31 51
31 54
31 55
31 58
31 64
31 69
31 75
31 76
31 77
31 78
32 34
32 39
32 40
32 41
32 42
32 43
32 47
32 48
32 53
32 54
32 58
32 63
32 64
32 66
32 67
32 71
32 75
32 78
32 79
33 38
33 45
33 46
33 47
33 49
33 56
33 68
33 75
34 36
34 41
34 43
34 48
34 56
34 58
34 63
34 66
34 71
34 76
35 44
35 47
35 53
35 56
35 65
35 72
36 40
36 42
36 46
36 47
36 49
36 57
36 63
36 65
36 69
36 75
36 76
37 44
37 47
37 48
37 51
37 55
37 57
37 58
37 59
37 61
37 71
37 73
38 40
38 46
38 48
38 62
38 70
38 75
39 47
39 51
39 56
39 59
39 67
39 69
39 70
39 71
39 78
40 46
40 49
40 51
40 58
40 64
40 74
40 79
41 44
41 52
41 56
41 60
41 66
41 72
41 74
41 76
41 79
42 47
42 56
42 58
42 65
42 71
42 76
42 78
43 50
43 51
43 55
43 56
43 58
43 60
43 63
43 64
43 72
43 73
43 75
43 79
44 49
44 52
44 55
44 59
44 63
44 65
44 67
44 73
44 76
44 79
45 49
45 51
45 56
45 57
45 59
45 68
45 71
45 73
45 75
45 76
45 78
46 56
46 60
46 70
47 48
47 53
47 54
47 58
47 61
47 64
47 69
47 70
47 71
47 78
48 49
48 51
48 60
48 62
48 63
48 64
48 68
48 74
49 51
49 52
49 53
49 56
49 57
49 60
49 63
49 64
49 66
49 68
49 71
49 77
50 54
50 57
50 59
50 60
50 65
50 70
50 72
51 54
51 58
51 60
51 65
51 67
51 72
51 74
52 56
52 67
52 68
52 79
53 56
53 58
53 61
53 68
53 70
53 71
53 79
54 55
54 58
54 61
54 66
54 74
54 78
55 56
55 58
55 65
55 68
55 73
55 74
55 77
56 58
56 59
56 64
56 65
56 76
57 59
57 60
57 64
57 66
57 69
57 74
57 77
58 60
58 64
58 69
58 70
58 72
58 76
59 69
59 72
60 61
60 63
60 64
60 70
60 75
61 62
61 78
62 67
62 74
62 77
63 64
63 65
63 66
63 72
63 79
64 65
64 68
64 71
64 77
65 67
65 70
65 71
65 79
66 77
67 69
67 74
67 77
67 78
67 79
68 69
68 70
68 71
68 74
68 76
69 72
69 73
69 78
70 76
70 78
70 79
71 78
72 77
72 79
74 75
74 77
75 76
76 78
78 79
