80 397
0 2
0 9
0 10
0 20
0 30
0 48
0 49
0 52
0 59
0 78
1 2
1 7
1 34
1 36
1 39
1 43
1 50
1 74
1 78
1 79
2 4
2 5
2 14
2 36
2 40
2 41
2 61
2 65
2 72
2 76
2 78
3 4
3 10
3 15
3 17
3 24
3 33
3 45
3 48
3 50
3 52
3 60
3 77
4 12
4 41
4 55
4 62
4 67
4 73
5 13
5 15
5 20
5 31
5 33
5 60
6 7
6 13
6 16
6 17
6 19
6 29
6 39
6 40
6 60
6 63
6 66
6 67
6 69
6 79
7 25
7 35
7 37
7 60
7 65
7 79
8 16
8 29
8 33
8 54
8 68
8 75
8 79
9 19
9 43
9 48
9 57
9 59
9 60
9 68
9 70
10 23
10 32
10 35
10 41
10 45
10 55
10 60
10 66
10 71
10 74
11 17
11 29
11 36
11 38
11 40
11 42
11 43
11 59
12 21
12 27
12 38
12 59
12 60
13 14
13 16
13 29
13 34
13 40
13 47
13 52
13 59
13 74
13 78
14 15
14 17
14 30
14 39
14 55
14 56
14 60
14 63
15 16
15 18
15 21
15 27
15 42
15 52
15 63
15 77
16 36
16 44
16 47
16 51
16 59
16 67
16 74
17 19
17 21
17 29
17 32
17 48
17 65
17 66
18 20
18 23
18 30
18 39
18 43
18 60
18 66
18 68
19 21
19 33
19 42
19 53
19 57
19 58
19 61
19 64
19 65
19 72
20 30
20 39
20 45
20 53
20 55
20 68
20 75
20 79
21 25
21 27
21 33
21 37
21 42
21 47
21 55
21 64
21 70
22 23
22 26
22 32
22 33
22 35
22 37
22 52
22 57
22 65
22 72
22 74
23 43
23 55
23 69
23 71
23 74
24 36
24 39
24 56
24 58
24 62
25 26
25 39
25 44
25 45
25 46
25 62
25 74
26 44
26 45
26 61
26 65
26 72
27 28
27 48
27 52
27 59
27 66
27 69
27 77
27 79
28 34
28 35
28 39
28 50
28 52
28 54
28 61
28 62
28 67
28 68
29 40
29 44
29 55
29 65
29 74
29 75
29 79
30 50
30 51
30 65
30 75
30 79
31 34
31 36
31 39
31 57
31 65
32 43
32 49
32 50
32 78
33 46
33 57
33 61
33 62
33 74
33 77
34 39
34 46
34 53
34 56
35 36
35 44
35 46
35 70
35 73
36 40
36 47
36 52
36 56
36 60
36 66
36 70
36 77
36 78
37 41
37 43
37 48
37 51
37 54
37 70
38 44
38 46
38 60
38 61
38 66
39 45
39 48
39 65
39 68
40 77
41 43
41 47
41 54
41 66
41 69
41 72
41 74
42 52
42 55
42 60
43 46
43 56
43 58
43 59
43 63
43 64
43 67
44 51
44 70
44 72
44 78
45 53
45 56
45 60
45 65
45 74
45 76
45 77
45 78
45 79
46 49
46 55
46 71
47 50
47 70
47 71
47 73
48 61
48 65
48 67
48 75
49 56
49 70
49 72
49 75
50 53
50 66
51 60
51 62
51 63
51 66
51 69
51 70
51 73
51 79
52 61
52 63
52 68
52 70
52 71
52 79
53 60
53 62
53 66
53 68
53 73
53 74
53 77
54 58
54 59
54 65
54 76
55 60
55 68
55 76
55 77
55 79
56 59
56 68
58 65
58 67
59 63
59 67
60 74
61 67
64 69
65 66
66 68
66 73
66 75
67 71
67 78
68 78
69 70
71 73
71 74
75 77
