80 181
0 2
0 15
0 30
0 47
0 53
0 66
0 79
1 3
1 28
1 30
1 38
1 39
1 43
2 4
2 7
2 12
2 24
2 45
2 51
2 52
2 74
3 22
3 41
4 39
5 14
5 24
5 30
5 76
6 17
6 59
7 48
7 58
7 79
8 10
8 15
8 31
8 58
9 15
9 17
9 30
9 39
9 76
10 29
10 31
10 34
10 72
11 37
11 41
11 51
11 55
11 56
11 63
12 45
12 61
13 21
13 31
13 36
13 37
13 48
14 63
14 78
15 34
15 62
16 35
16 52
16 54
16 70
16 76
17 39
17 69
18 20
18 40
18 51
18 74
20 31
21 39
21 42
22 37
22 47
23 28
23 29
23 31
23 36
23 56
23 68
23 74
24 26
24 32
24 37
24 71
24 74
24 78
25 32
25 33
25 46
25 54
25 59
26 50
26 70
27 28
28 47
28 58
28 79
29 31
29 50
29 74
30 35
30 57
30 65
31 34
31 63
31 78
32 76
33 37
33 39
33 48
33 57
33 60
33 69
33 71
34 48
34 56
34 57
34 73
35 50
35 56
35 57
36 37
36 39
36 71
38 59
39 54
40 77
41 66
41 67
42 56
42 62
42 73
43 52
44 45
44 59
44 69
45 55
46 54
46 70
46 72
48 52
48 68
48 71
48 79
49 54
49 56
49 62
49 72
49 73
50 59
50 62
50 64
50 65
51 61
51 70
52 77
53 60
53 71
54 74
55 64
55 67
56 65
57 61
58 69
59 60
59 68
59 77
63 78
65 69
66 67
66 76
67 74
68 71
69 71
77 79
