80 400
0 9
0 10
0 12
0 20
0 22
0 24
0 28
0 35
0 39
0 48
0 65
0 70
0 78
1 16
1 20
1 37
1 40
1 41
1 43
1 48
1 51
1 73
2 4
2 7
2 10
2 36
2 38
2 43
2 45
2 60
2 62
2 70
2 71
2 78
3 6
3 17
3 19
3 20
3 30
3 33
3 35
3 40
3 56
3 57
3 65
3 70
3 72
3 74
4 5
4 16
4 17
4 35
4 56
4 61
4 64
4 67
4 73
5 30
5 38
5 43
5 44
5 49
5 55
5 66
6 8
6 11
6 17
6 50
6 70
6 73
7 12
7 17
7 27
7 33
7 45
7 57
7 63
7 65
7 78
8 14
8 18
8 21
8 27
8 48
8 74
9 17
9 43
9 46
9 53
9 62
9 66
9 69
9 75
10 26
10 30
10 40
10 44
10 49
10 51
10 73
10 78
11 13
11 24
11 28
11 43
11 44
11 48
11 49
11 71
11 77
11 79
12 23
12 43
12 55
12 77
13 17
13 18
13 20
13 21
13 24
13 35
13 47
13 60
13 76
13 78
14 16
14 19
14 24
14 31
14 44
14 52
14 66
14 72
15 26
15 30
15 36
15 44
15 47
15 63
16 22
16 49
16 70
16 79
17 24
17 30
17 31
17 33
17 34
17 37
17 60
17 74
18 33
18 54
18 61
18 75
19 25
19 29
19 30
19 39
19 48
19 63
19 65
19 66
19 72
19 76
20 21
20 25
20 39
20 41
20 43
20 55
20 58
20 61
20 62
20 64
20 67
21 24
21 30
21 41
21 54
21 55
21 60
21 62
21 65
21 70
22 25
22 27
22 48
22 67
22 78
23 38
23 50
23 54
23 57
23 61
23 67
23 69
23 75
24 32
24 34
24 38
24 45
24 55
24 58
24 68
24 73
24 74
25 27
25 28
25 33
25 37
25 49
25 64
25 68
25 69
25 72
26 29
26 30
26 40
26 44
26 50
26 58
26 63
26 70
26 71
26 72
26 73
26 74
27 33
27 46
27 61
27 65
27 70
27 74
27 76
28 32
28 38
28 48
28 66
28 78
29 35
29 36
29 38
29 44
29 56
29 57
29 61
29 76
30 31
30 36
30 40
30 42
30 44
30 49
30 51
30 60
30 65
31 32
31 36
31 40
31 52
31 67
32 38
32 47
32 72
32 74
32 79
33 45
33 50
34 36
34 39
34 46
34 47
34 75
35 39
35 56
35 57
35 63
35 67
36 45
36 46
36 49
36 56
36 58
36 64
36 72
36 76
37 51
37 55
37 57
37 69
37 70
37 77
38 44
38 47
38 71
38 73
38 74
39 56
39 60
39 63
39 64
39 67
40 46
40 47
40 64
40 68
40 69
40 75
40 79
41 52
41 66
41 70
41 74
42 45
42 50
43 67
43 70
43 72
44 47
44 50
44 59
44 67
44 76
44 77
45 63
45 77
45 79
46 52
46 53
46 75
46 78
47 57
48 49
49 73
49 75
49 77
50 72
50 74
50 76
51 62
51 65
52 56
52 67
52 70
52 71
52 73
52 74
53 56
53 67
53 70
53 71
53 72
53 73
53 75
54 60
54 65
54 68
54 69
54 74
55 64
55 66
56 58
56 59
56 77
56 78
57 66
57 67
58 61
58 69
58 74
58 76
59 72
59 75
60 73
61 66
61 68
61 74
62 67
62 73
62 75
62 76
63 64
63 78
63 79
64 65
65 73
66 78
67 74
68 75
70 72
70 77
71 77
71 78
72 76
72 77
72 79
76 78
77 78
78 79
