500 1943
0 30
0 235
0 310
0 385
1 4
1 152
1 203
1 244
1 256
1 358
1 427
1 467
1 468
1 475
1 484
2 16
2 23
2 98
2 177
2 210
2 324
2 459
3 125
3 167
3 352
3 369
3 396
3 434
3 479
3 483
3 490
4 51
4 66
4 179
4 229
4 232
4 327
4 478
5 15
5 43
5 50
5 403
5 409
6 19
6 50
6 116
6 156
6 354
6 399
6 422
6 475
7 111
7 149
7 175
7 193
7 217
7 323
7 394
7 496
7 499
8 95
8 146
8 151
8 227
8 278
8 376
8 466
9 25
9 66
9 69
9 389
9 492
10 88
10 167
10 307
10 321
10 420
10 475
11 80
11 126
11 142
11 144
11 153
11 230
11 260
11 269
11 319
11 386
11 473
11 476
12 205
12 351
12 434
12 443
12 469
12 498
13 190
13 279
13 332
13 424
14 18
14 47
14 66
14 74
14 94
14 95
14 126
14 140
14 358
14 479
15 239
15 280
15 355
16 65
16 82
16 231
16 247
16 249
16 274
17 55
17 78
17 89
17 101
17 105
17 131
17 180
17 195
17 360
17 487
18 26
18 110
18 169
18 208
18 372
18 387
18 397
19 57
19 89
19 184
19 207
19 208
19 361
19 424
19 462
19 474
19 484
19 498
20 65
20 66
20 79
20 170
20 207
20 220
20 288
20 327
20 340
20 373
20 456
21 48
21 55
21 122
22 65
22 78
22 92
22 206
22 296
22 483
23 78
23 124
23 147
23 201
23 276
23 295
23 330
23 367
23 432
24 85
24 113
24 170
24 177
24 178
24 180
24 223
24 247
24 253
24 383
25 48
25 62
25 155
25 201
25 428
25 457
26 60
26 102
26 140
26 153
26 195
26 210
26 215
26 242
26 245
26 314
26 397
27 146
27 150
27 422
27 498
28 44
28 239
28 369
28 465
29 145
29 195
29 290
29 316
29 321
29 476
29 486
30 33
30 43
30 61
30 162
30 175
30 230
30 298
30 383
30 385
30 432
31 234
31 280
31 374
31 495
32 70
32 188
32 325
32 327
32 390
32 407
33 165
33 181
33 369
34 54
34 81
34 134
34 136
34 181
34 249
34 256
34 295
34 312
34 466
35 98
35 474
36 101
36 179
36 212
36 277
36 299
36 307
36 330
36 349
36 403
36 423
36 429
37 99
37 123
37 243
37 265
37 298
37 356
37 376
37 397
37 488
38 63
38 264
38 307
38 476
39 123
39 144
39 303
39 380
39 425
40 95
40 141
40 283
40 329
40 343
40 350
40 362
40 455
41 97
41 105
41 136
41 215
41 240
41 266
41 467
41 478
41 483
42 98
42 158
42 252
42 289
42 316
42 334
43 57
43 92
43 103
43 143
43 262
43 277
43 291
43 369
43 387
43 425
43 466
44 102
44 279
44 393
44 485
45 84
45 94
45 98
45 120
45 148
45 189
45 236
45 242
45 313
45 375
45 418
46 82
46 135
46 150
46 231
46 311
46 371
46 414
47 55
47 82
47 83
47 111
47 152
47 338
47 360
47 407
47 450
48 109
48 110
48 214
48 255
48 258
48 268
48 367
48 450
48 478
49 102
49 338
49 359
49 360
49 483
50 91
50 144
50 188
50 246
50 329
51 59
51 89
51 152
51 193
51 230
51 369
51 375
52 53
52 70
52 71
52 76
52 98
52 410
52 462
52 470
52 490
52 492
53 128
53 209
53 281
53 475
53 480
54 230
55 70
55 90
55 103
55 177
55 232
55 244
55 290
55 389
55 460
56 79
56 116
56 225
56 241
56 264
56 272
56 303
56 392
56 408
56 448
56 450
57 280
57 475
58 64
58 78
58 230
58 283
58 417
58 471
58 490
59 68
59 75
59 79
59 128
59 310
59 340
59 387
59 405
59 419
60 121
60 122
60 295
60 337
60 339
60 346
60 353
60 365
60 425
60 426
60 431
60 485
60 489
61 87
61 118
61 132
61 235
61 258
61 395
61 434
61 496
61 497
62 125
62 132
62 175
62 201
62 216
62 242
62 414
62 444
62 468
62 497
63 112
63 182
63 200
64 152
64 234
64 297
64 400
64 478
65 76
65 108
65 246
65 271
65 324
65 440
65 442
65 484
66 97
66 185
66 198
66 372
66 432
67 247
67 262
67 345
67 402
67 429
67 436
68 114
68 159
68 219
68 282
68 302
68 328
68 392
68 423
69 151
69 226
69 251
69 416
69 448
70 111
70 126
70 145
70 223
70 258
70 306
70 428
70 445
71 79
71 170
71 276
71 283
71 311
71 313
71 332
71 362
71 419
71 454
71 470
71 483
72 107
72 175
72 197
72 208
72 251
72 424
72 459
73 316
73 456
73 471
74 268
74 347
75 182
75 203
75 241
75 271
75 277
75 327
75 397
75 428
75 484
76 135
76 142
76 174
76 231
76 269
76 328
76 431
76 452
77 121
77 175
77 247
77 316
77 329
77 355
77 365
77 426
77 445
78 300
78 337
78 339
78 365
78 471
79 150
79 251
79 360
80 98
80 107
80 302
80 307
80 317
80 403
80 497
81 281
81 293
82 214
82 230
82 257
83 286
83 343
83 347
83 351
83 414
84 119
84 154
84 277
84 289
84 326
84 373
84 492
85 313
85 320
85 356
85 394
85 429
86 173
86 363
86 428
86 470
87 373
87 424
87 443
88 164
88 190
88 243
89 105
89 161
89 162
89 195
89 219
89 225
89 281
89 314
89 426
90 104
90 201
90 267
90 302
90 388
90 456
90 464
91 150
91 184
91 263
91 266
91 329
91 398
91 493
92 301
92 379
92 440
92 444
92 451
93 172
93 237
93 269
93 281
93 290
93 312
93 489
94 112
94 167
94 181
94 209
94 281
94 321
94 324
94 344
94 402
94 444
94 480
95 281
95 287
95 299
96 98
96 185
96 261
96 291
96 393
96 416
97 107
97 142
97 231
97 271
97 323
97 325
97 326
97 446
97 468
98 165
98 176
98 224
98 282
98 405
99 168
99 229
99 236
99 251
99 270
99 360
99 366
99 491
100 203
100 212
100 349
100 396
100 458
101 106
101 122
101 208
101 244
101 245
101 327
101 443
101 459
102 142
102 147
102 149
102 176
102 379
103 106
103 114
103 119
103 334
103 393
104 109
104 115
104 225
104 288
104 327
104 384
104 429
104 449
105 299
105 336
105 351
105 481
106 211
106 243
106 248
106 358
106 426
106 468
107 121
107 197
107 299
107 331
107 378
107 398
107 461
107 468
107 485
108 139
108 251
108 298
108 344
109 206
109 210
109 247
109 360
109 448
109 498
110 137
110 308
110 333
110 406
110 437
110 472
111 196
111 199
111 344
111 389
111 487
111 491
112 198
112 222
112 369
112 380
112 452
112 479
113 182
113 271
113 467
114 268
114 386
114 463
114 497
115 133
115 158
115 160
115 278
115 346
115 354
115 394
115 409
115 467
116 120
116 215
116 270
116 290
116 406
116 437
117 258
117 262
117 272
117 302
117 305
117 326
117 371
117 391
117 408
117 494
118 234
118 349
118 458
118 462
119 316
119 345
119 385
119 441
119 485
120 187
120 190
120 210
120 229
120 234
120 260
120 407
121 126
121 166
121 249
121 304
121 361
121 399
121 407
122 145
122 201
122 206
122 294
122 307
122 333
122 336
122 354
122 416
122 490
123 333
123 467
124 275
124 289
124 386
124 467
124 488
125 203
125 243
125 250
125 261
125 282
125 368
125 457
125 468
126 149
126 226
126 344
126 388
126 392
126 441
126 460
126 489
127 255
127 294
127 498
128 136
128 185
128 229
128 233
128 244
128 319
128 398
128 467
129 209
129 355
129 358
129 417
129 425
129 490
129 499
130 134
130 169
130 170
130 253
130 289
130 299
130 333
130 361
130 412
130 464
130 478
131 142
131 280
131 345
132 153
132 197
132 301
132 352
132 363
132 423
133 140
133 142
133 273
133 288
133 344
133 347
133 397
133 398
133 401
133 431
133 464
133 485
134 179
134 233
134 312
134 345
134 370
134 401
134 415
134 492
135 146
135 169
135 190
135 233
135 288
135 394
135 485
136 190
136 252
136 258
136 271
136 360
137 236
137 253
137 377
137 482
137 498
138 198
138 206
138 217
138 302
138 303
138 382
138 492
139 153
139 191
139 206
139 215
139 226
139 229
139 343
139 373
140 213
140 224
140 255
140 258
140 271
140 278
140 421
140 422
141 242
141 262
141 274
141 287
141 290
141 321
141 489
142 197
142 208
142 214
142 268
142 327
142 487
143 202
143 238
143 264
143 268
143 279
143 465
144 203
144 292
144 362
144 433
144 473
145 148
145 230
145 260
145 278
145 342
145 345
145 366
145 406
145 425
145 460
145 491
146 155
146 185
146 258
146 361
146 362
146 370
147 207
147 296
147 400
147 434
148 155
148 355
148 380
148 400
149 244
149 428
149 463
150 152
150 160
150 299
150 316
150 324
150 485
150 498
151 201
151 214
151 223
151 229
151 302
151 343
151 400
151 469
152 459
153 342
154 182
154 279
154 355
154 416
154 431
154 454
155 173
155 259
155 266
155 294
155 397
156 186
156 336
156 361
156 408
156 425
156 440
157 164
157 183
157 196
157 221
157 238
157 313
157 315
157 332
157 388
157 419
157 472
158 279
158 281
158 337
158 413
158 433
158 493
159 203
159 224
159 273
159 371
159 418
159 447
160 227
160 248
160 254
160 341
160 352
160 361
160 374
161 164
161 210
161 215
161 228
161 234
161 280
161 281
161 306
161 338
161 425
161 426
162 174
162 258
162 389
162 397
162 410
163 178
163 225
163 250
163 275
163 280
163 312
163 390
163 393
163 478
164 191
164 230
164 234
164 298
164 316
165 184
165 217
165 297
165 341
165 432
165 473
166 417
166 424
167 465
168 256
168 333
168 368
168 371
168 461
169 346
169 449
169 491
170 324
170 484
171 197
171 358
171 378
171 390
172 278
172 299
172 349
172 355
173 245
173 442
173 462
174 180
174 237
174 361
174 442
174 489
174 497
175 326
175 351
176 185
176 207
176 268
176 278
176 303
176 365
176 380
176 385
177 283
177 405
177 489
178 263
178 275
178 289
178 381
178 407
179 440
180 205
180 254
180 311
180 389
181 202
181 213
181 214
181 225
181 339
181 379
181 434
182 218
182 245
182 429
183 214
183 279
183 479
184 224
184 273
184 338
184 391
184 393
184 487
185 194
185 212
185 291
185 411
185 427
185 476
185 495
186 209
186 236
186 460
187 238
187 254
187 261
187 336
187 408
187 436
187 473
188 212
188 451
188 486
189 206
189 355
189 375
189 380
189 441
189 486
190 206
190 238
190 250
190 366
190 393
191 196
191 333
191 341
192 214
192 285
192 409
192 447
193 215
193 320
193 447
193 452
194 244
194 348
194 405
195 264
195 372
195 481
196 201
196 202
196 327
196 449
197 205
197 382
197 413
198 208
198 246
198 254
198 267
198 378
198 386
198 392
198 396
198 422
198 433
198 439
198 469
198 483
199 204
199 293
199 297
199 425
200 270
200 277
200 329
200 350
200 445
200 486
201 228
201 290
201 399
201 420
201 421
201 489
202 267
202 299
202 445
203 247
203 352
203 404
204 281
204 357
204 477
205 361
205 376
205 393
205 479
206 253
206 303
206 320
206 350
206 394
206 452
206 458
206 488
206 492
207 326
207 411
207 428
207 474
208 303
208 427
208 431
209 259
209 447
209 489
210 237
210 281
210 309
210 395
210 463
211 331
211 355
212 244
212 261
212 264
212 278
213 244
213 263
213 357
213 448
213 472
214 250
214 359
214 401
215 265
215 310
215 322
215 419
215 421
215 489
216 280
216 308
216 332
216 340
216 379
216 422
217 345
217 387
217 451
218 294
218 363
218 376
218 409
218 419
219 268
219 273
219 297
219 372
219 390
219 397
219 415
219 420
220 241
220 287
220 288
220 488
221 284
221 293
221 336
221 445
221 472
222 278
222 325
222 335
222 363
222 390
223 289
224 268
224 403
224 499
225 245
225 259
225 267
225 293
225 369
225 373
225 378
225 462
225 486
225 490
226 258
226 307
226 312
226 345
226 458
227 388
227 392
227 443
227 455
227 457
227 467
228 245
228 246
228 319
228 325
229 363
229 365
229 417
229 461
229 485
230 247
230 299
230 342
230 350
230 461
230 485
231 290
231 332
231 463
232 234
232 264
232 304
232 389
233 368
233 379
234 263
234 354
234 470
235 274
235 313
235 428
236 287
237 281
237 294
237 322
237 374
238 270
238 458
238 461
238 462
239 250
239 464
240 366
240 435
240 469
241 338
241 487
242 253
242 260
242 342
242 466
242 481
242 489
243 303
243 353
243 470
243 471
244 286
244 293
244 364
244 387
244 471
245 420
245 479
246 263
246 319
246 321
246 360
246 370
246 478
246 488
247 399
247 479
248 333
248 384
249 269
249 318
249 346
249 348
249 465
249 474
249 495
250 297
250 315
250 325
250 397
250 405
251 275
251 356
251 393
251 400
251 499
252 272
252 279
252 285
252 291
252 344
252 417
252 440
253 383
254 277
254 344
254 362
254 406
254 473
255 262
255 266
255 399
256 280
256 292
256 317
256 343
256 377
256 420
256 435
256 446
256 475
257 310
257 410
257 433
257 458
257 478
258 373
258 441
259 297
259 304
259 406
259 473
259 478
260 321
260 411
261 271
261 287
261 321
261 364
261 460
262 268
262 491
263 340
264 338
264 399
264 498
265 299
265 322
265 434
266 341
266 443
266 478
266 479
266 494
267 301
267 365
267 406
267 412
267 446
267 482
267 492
267 493
268 322
268 329
268 361
268 458
269 305
269 338
269 420
270 272
271 281
271 309
271 329
271 338
271 361
271 421
271 430
271 451
271 478
272 279
272 383
272 415
272 417
273 282
273 362
273 366
274 341
274 346
274 363
274 365
275 288
275 350
275 413
276 386
278 323
278 426
278 455
278 474
279 287
279 289
279 355
280 366
280 377
280 488
281 376
281 415
281 420
281 425
281 427
282 358
282 382
282 426
283 294
283 300
283 353
283 496
284 421
284 441
285 306
285 408
285 457
285 487
285 499
286 305
286 384
286 484
287 306
287 339
287 349
287 478
288 434
289 313
289 361
290 397
290 440
291 351
291 402
291 446
291 450
291 462
291 494
292 420
293 397
293 440
294 443
294 444
294 498
295 392
295 475
296 339
296 411
297 314
297 336
297 373
297 480
297 485
298 309
298 397
298 454
298 476
299 337
299 339
299 402
299 425
299 441
299 491
300 342
300 359
300 363
300 375
300 403
300 488
301 307
302 436
302 499
303 309
303 324
303 327
303 351
304 311
304 387
304 454
304 496
305 335
305 348
305 450
305 454
305 466
306 311
306 485
306 489
307 382
307 440
308 408
308 444
309 392
310 360
310 499
311 411
311 429
312 454
312 464
313 323
313 342
314 330
314 383
314 387
314 428
315 347
316 364
316 385
317 328
317 401
317 459
318 376
318 403
319 335
319 360
319 404
319 415
320 337
320 480
321 342
321 416
321 434
322 392
322 417
322 438
323 417
323 447
323 498
325 389
325 444
325 474
326 422
326 460
327 424
328 379
328 420
328 477
329 452
330 411
330 447
330 484
331 467
332 423
332 458
333 350
333 357
333 390
333 483
334 336
334 362
334 370
334 371
334 452
335 342
335 358
335 370
337 392
337 400
337 442
338 448
339 394
339 460
340 437
340 466
340 474
340 481
341 345
342 374
342 386
342 391
342 412
342 438
342 485
343 438
344 391
344 393
344 440
345 359
345 424
346 463
346 487
347 418
347 472
347 493
348 372
348 374
348 483
349 388
349 404
350 418
350 470
350 471
351 374
352 400
352 495
353 375
353 380
353 381
353 403
353 426
353 464
353 474
354 392
354 412
355 391
355 426
356 435
356 475
357 448
358 434
359 402
359 432
359 443
359 448
359 471
360 434
361 383
361 439
361 494
362 382
362 388
362 483
362 496
363 370
363 375
363 393
363 409
363 411
363 480
364 453
365 417
365 430
366 438
367 377
367 397
367 405
367 467
368 486
368 487
371 439
371 479
372 409
372 492
373 395
373 396
373 427
374 381
374 445
374 486
375 394
375 432
375 496
376 435
376 447
378 404
378 407
378 454
378 490
379 390
380 441
380 448
380 491
381 449
382 432
382 446
383 425
383 436
384 499
386 462
386 464
387 445
387 448
388 405
389 422
390 457
390 469
391 405
391 489
393 424
394 428
394 478
397 420
398 404
399 421
400 465
400 489
401 425
402 421
402 423
402 488
402 499
404 450
406 446
406 461
407 450
409 411
409 474
410 466
411 415
411 430
411 461
411 486
411 494
412 422
412 438
413 421
414 421
414 428
414 450
414 493
415 456
415 479
416 435
416 448
419 439
419 480
419 483
421 436
421 437
423 470
423 493
423 495
424 457
424 461
424 474
425 451
425 454
425 489
427 498
428 436
429 440
429 446
431 473
431 475
434 457
435 442
437 487
438 492
442 468
442 469
445 453
445 477
448 495
449 462
449 468
449 474
450 499
451 458
452 491
454 472
455 476
455 479
456 459
456 469
456 491
458 476
458 492
459 467
459 482
460 470
461 498
464 472
466 470
466 490
467 496
474 486
474 496
475 492
477 480
478 491
480 494
482 483
491 496
493 496
