200 588
0 14
0 65
0 87
0 99
1 87
1 143
1 187
2 23
2 76
2 85
2 94
2 104
2 113
2 117
2 133
3 14
3 15
3 23
3 27
3 41
3 84
3 96
3 151
4 11
4 13
4 118
4 131
4 145
4 146
4 165
4 173
5 37
5 54
5 104
5 150
5 183
6 43
6 119
6 162
6 169
7 104
7 133
7 138
7 145
7 173
7 187
8 55
8 83
8 92
8 119
8 144
8 149
9 14
9 79
9 165
10 37
10 92
10 93
10 119
10 121
10 148
11 45
11 53
11 122
12 80
12 100
12 126
12 127
12 128
12 145
12 154
12 159
12 194
13 40
13 71
13 109
13 121
13 179
13 189
14 25
14 32
14 45
14 47
14 57
14 86
14 124
14 125
14 133
14 143
14 144
15 71
15 78
15 159
16 27
16 30
16 44
16 50
16 83
16 139
16 144
16 177
17 133
17 153
18 44
18 106
18 152
18 184
19 29
19 65
19 106
19 117
19 145
20 90
20 120
20 126
20 166
20 168
21 49
21 67
21 104
21 156
21 165
22 44
22 47
22 50
22 73
22 93
22 96
22 184
23 58
23 70
23 75
23 93
23 143
23 180
24 130
24 177
25 36
25 46
25 104
26 50
26 103
26 130
26 143
26 151
26 194
27 74
27 77
27 125
27 190
28 32
28 72
28 75
28 81
28 88
28 168
28 188
28 195
29 70
29 75
29 165
29 183
30 52
30 76
30 119
30 180
31 35
31 39
31 98
31 143
31 148
31 176
32 34
32 70
32 83
32 93
32 134
32 164
32 189
32 198
33 57
33 62
33 140
33 156
34 67
34 101
34 105
34 148
34 182
35 83
35 90
36 76
36 78
36 95
36 97
36 98
36 102
36 105
36 109
36 111
36 113
36 128
37 56
37 85
37 113
37 142
37 143
37 151
37 157
38 71
38 102
39 40
39 51
39 65
39 95
39 146
39 174
40 48
40 49
40 51
40 58
40 71
40 96
40 106
40 136
41 43
41 59
41 119
41 129
41 131
41 136
41 143
41 192
42 44
42 178
43 44
43 115
43 139
43 168
43 174
43 183
44 77
44 95
44 98
44 137
45 54
45 164
45 175
46 82
46 129
47 79
47 107
47 149
47 196
48 49
48 143
48 144
48 158
48 180
49 56
49 80
49 174
50 68
51 55
51 62
51 129
51 154
51 194
52 78
52 122
52 131
52 162
52 173
53 60
53 135
53 144
53 146
53 153
54 109
54 111
54 131
54 152
54 170
54 174
54 181
55 68
55 156
55 159
55 178
55 189
56 90
56 92
56 114
56 173
56 177
57 64
57 80
58 70
58 97
58 98
58 132
59 114
59 117
59 124
59 157
59 164
59 170
59 176
60 105
60 138
61 85
61 137
61 149
61 153
61 193
61 194
62 97
62 140
62 165
63 107
63 114
64 85
64 104
64 180
64 185
64 196
65 96
65 111
65 133
65 151
65 155
66 69
66 99
66 132
66 135
66 174
67 82
67 126
67 128
67 192
68 82
68 113
68 132
68 163
68 190
69 83
69 152
69 162
69 174
69 195
70 150
70 174
70 183
70 189
71 83
71 179
72 78
72 167
72 193
73 141
73 178
73 194
74 159
74 167
74 185
75 94
75 188
75 190
75 198
76 135
76 159
76 196
77 78
77 146
78 123
78 131
79 81
79 137
79 154
80 94
80 114
80 149
80 194
82 127
82 148
82 166
83 160
83 195
84 108
84 134
84 189
84 194
85 96
85 130
85 168
85 173
85 194
85 199
86 111
86 175
86 176
87 114
87 128
87 143
87 199
88 192
88 196
90 98
90 157
90 197
91 109
91 173
92 110
92 133
92 168
92 176
92 186
93 96
93 150
93 153
93 177
94 96
94 106
94 109
94 180
95 115
95 117
95 122
95 158
96 162
97 129
97 165
98 153
98 186
99 106
99 134
99 183
99 189
99 190
100 126
100 150
100 160
100 170
100 172
101 120
101 175
101 179
102 104
102 127
102 178
103 130
103 153
103 155
104 123
104 137
105 121
105 155
105 179
105 190
106 133
107 115
107 150
107 183
108 141
108 184
108 196
109 151
110 129
110 175
112 134
112 149
112 159
113 117
113 120
113 172
113 187
114 123
114 159
115 126
115 197
117 156
117 176
118 138
118 164
118 186
119 120
119 168
120 147
120 152
120 168
120 178
120 181
122 182
122 193
123 124
123 139
123 151
123 171
123 172
125 157
126 128
126 129
126 130
126 142
126 170
126 176
126 189
126 196
127 137
127 198
128 144
128 148
128 157
128 199
129 167
131 139
132 134
133 150
133 191
134 155
134 162
135 148
135 160
135 170
137 141
137 143
137 160
137 161
137 197
138 154
138 155
138 175
140 171
140 182
141 145
141 197
143 146
143 180
143 181
146 150
146 157
146 176
146 181
146 182
146 190
147 163
147 179
148 169
149 172
149 193
150 183
151 162
151 199
152 176
152 184
153 159
154 193
155 162
155 179
157 161
157 179
157 180
158 164
158 174
159 176
159 198
159 199
160 170
160 178
160 198
163 178
164 183
164 191
165 167
165 185
165 189
165 190
170 180
170 191
178 189
180 184
181 194
182 189
184 186
185 191
186 189
188 195
197 198
