1000 3989
0 201
0 226
0 439
0 547
0 572
0 629
0 668
0 688
1 239
1 259
1 480
1 524
1 535
1 554
1 606
1 667
1 669
2 512
2 560
2 915
3 114
3 337
3 398
3 607
3 849
3 891
3 895
4 91
4 181
4 325
4 538
4 809
4 837
5 51
5 126
5 195
5 416
5 422
5 469
5 627
6 286
6 793
6 817
7 19
7 336
7 659
7 959
8 138
8 213
8 244
8 249
8 469
8 507
8 534
8 587
8 724
8 901
8 982
9 10
9 24
9 83
9 156
9 263
9 484
9 572
9 744
9 760
10 45
10 92
10 118
10 220
10 258
10 274
10 312
10 426
10 635
10 646
10 999
11 265
11 268
11 487
11 633
11 679
11 780
11 975
12 62
12 98
12 169
12 193
12 196
12 224
12 371
12 396
12 591
12 636
12 750
12 969
13 292
13 531
13 893
13 943
14 501
14 625
14 646
14 819
14 885
14 918
14 958
14 964
15 85
15 112
15 172
15 241
15 290
15 419
15 576
15 586
15 775
15 828
16 292
16 310
16 333
16 530
16 551
16 589
16 623
16 745
16 772
16 847
16 877
17 117
17 250
17 297
17 307
17 520
17 535
17 571
17 720
17 944
18 255
18 353
18 362
18 491
18 535
18 565
18 874
18 877
18 992
19 109
19 121
19 244
19 247
19 362
19 531
19 533
19 601
19 612
19 855
19 894
19 940
20 38
20 41
20 43
20 77
20 255
20 272
20 382
20 540
20 881
21 351
21 363
21 364
21 379
21 585
21 674
21 706
21 873
21 924
22 81
22 154
22 282
22 309
22 323
22 537
22 650
22 731
22 804
22 842
23 100
23 245
23 311
23 564
23 661
23 751
24 35
24 183
24 192
24 215
24 274
24 757
25 67
25 106
25 108
25 183
25 200
25 420
25 551
25 712
25 872
26 398
26 409
26 524
26 956
27 181
27 327
27 391
27 537
27 685
27 899
27 925
27 972
28 30
28 366
28 426
28 469
28 508
28 649
28 799
28 940
28 958
29 31
29 227
29 317
29 488
29 751
29 896
30 122
30 125
30 175
30 363
30 376
30 450
30 712
30 731
30 974
31 538
31 599
31 662
31 960
32 84
32 223
32 267
32 274
32 415
32 438
32 468
32 515
32 529
32 552
32 601
32 855
32 971
33 87
33 146
33 510
33 587
33 997
34 89
34 143
34 466
34 516
34 883
35 94
35 215
35 294
35 519
35 559
35 602
35 773
35 863
35 958
36 124
36 156
36 303
36 547
36 572
36 890
37 108
37 357
37 539
37 809
37 948
37 967
38 82
38 130
38 188
38 377
38 380
38 391
38 402
38 420
38 657
38 898
39 47
39 146
39 290
39 413
39 433
39 455
39 513
39 691
39 721
39 785
40 288
40 388
40 926
40 936
40 948
40 962
40 987
41 224
41 236
41 274
41 440
41 452
41 823
42 89
42 202
42 267
42 534
42 662
42 811
42 871
42 944
43 56
43 296
43 430
43 590
44 72
44 273
44 312
44 349
44 383
44 453
44 489
44 797
44 840
44 943
44 980
45 162
45 186
45 224
45 287
45 294
45 550
45 610
45 637
45 729
46 73
46 236
46 305
46 362
46 451
46 590
46 725
46 875
46 878
46 979
47 170
47 191
47 210
47 485
47 497
47 606
47 706
47 796
48 75
48 84
48 110
48 376
48 378
48 431
48 433
48 657
48 678
48 695
48 760
49 139
49 426
49 541
49 611
49 620
49 799
49 800
50 119
50 134
50 494
50 575
50 690
50 905
50 973
51 248
51 527
51 534
51 635
51 934
51 939
52 98
52 116
52 315
52 353
52 367
52 472
52 473
52 579
52 615
52 760
53 228
53 563
53 713
53 775
54 238
54 619
54 647
54 730
54 761
54 777
54 922
54 967
55 126
55 286
55 395
55 551
55 649
55 727
55 996
56 83
56 649
56 831
56 950
57 203
58 216
58 244
58 312
58 627
58 873
59 132
59 403
59 596
59 660
59 750
59 977
59 979
60 510
60 638
60 891
60 905
60 969
61 93
61 182
61 279
61 643
61 711
61 764
61 808
62 110
62 202
62 221
62 544
62 618
62 638
63 444
63 487
63 502
63 766
63 816
63 952
64 72
64 271
64 323
64 510
64 577
64 893
65 474
65 655
65 682
65 825
65 931
65 969
65 973
66 450
66 602
66 636
66 813
66 994
67 140
67 293
67 504
67 741
67 800
67 947
68 86
68 264
68 318
68 511
68 586
68 781
68 932
68 942
69 449
69 473
69 480
69 534
69 905
70 71
70 355
70 380
70 567
70 624
70 806
70 870
70 873
70 927
71 219
71 397
71 470
71 507
71 582
71 692
72 92
72 186
72 514
72 566
72 593
72 617
72 759
72 892
73 392
73 504
73 534
73 542
73 623
73 757
73 929
73 946
74 101
74 538
74 836
74 903
74 995
75 219
75 286
75 303
75 507
75 804
75 982
76 160
76 274
76 592
77 87
77 421
77 529
77 829
77 950
77 961
77 964
77 994
78 389
78 772
78 874
78 978
79 213
79 228
79 249
79 464
79 529
79 565
79 593
79 631
79 745
80 103
80 431
80 623
80 826
80 887
80 904
80 924
81 148
81 246
81 309
81 460
81 551
81 613
81 803
82 167
82 172
82 354
82 587
82 785
82 932
82 939
82 982
82 983
83 329
83 356
83 476
83 498
83 594
83 982
84 86
84 91
84 323
84 501
84 514
84 588
84 988
85 103
85 201
85 329
85 630
85 677
85 802
86 142
86 292
86 471
86 539
86 873
86 907
86 974
87 128
87 146
87 246
87 412
87 587
87 670
87 830
87 866
87 870
88 132
88 233
88 301
88 368
88 468
88 570
88 654
88 877
88 972
88 980
89 428
89 557
89 643
89 674
89 701
89 721
89 877
89 999
90 128
90 195
90 274
90 775
90 909
91 117
91 137
91 256
91 381
91 555
91 748
91 776
91 797
91 853
91 954
92 179
92 476
92 606
92 685
92 795
92 850
92 875
92 932
93 151
93 383
93 528
93 546
93 573
93 597
93 763
93 841
93 853
93 902
94 165
94 228
94 273
94 556
94 582
94 675
94 746
94 863
94 960
95 285
95 316
95 616
95 723
95 899
95 976
96 221
96 340
96 420
96 439
96 462
96 520
97 116
97 181
97 239
97 246
97 248
97 385
97 648
97 755
97 761
97 859
98 297
98 305
98 356
98 420
98 668
98 869
99 217
99 567
99 626
99 684
99 883
99 887
99 936
100 437
100 608
100 611
100 707
100 750
100 805
100 893
100 922
101 128
101 280
101 384
101 626
101 741
101 915
101 983
102 150
102 200
102 333
102 560
102 616
102 700
102 771
103 140
103 518
103 635
103 804
103 821
103 988
104 159
104 482
104 737
104 912
105 407
105 520
105 750
105 921
106 155
106 400
106 428
106 565
106 629
106 674
106 690
106 768
106 862
106 896
106 993
107 155
107 260
107 501
107 891
108 224
108 294
108 345
108 607
108 685
108 727
108 823
108 839
108 937
109 143
109 322
109 537
109 597
109 715
109 742
110 170
110 226
110 330
110 588
110 818
111 167
111 297
111 526
111 666
111 671
111 688
112 122
112 448
112 657
112 683
112 884
113 137
113 158
113 394
113 403
113 418
113 450
113 492
113 689
113 730
114 169
114 176
114 312
114 338
114 408
114 451
114 569
114 648
114 759
114 879
115 175
115 312
115 376
115 403
115 407
115 565
115 811
115 993
116 142
116 183
116 241
116 285
116 503
116 563
116 590
116 636
116 732
116 787
116 896
117 244
117 273
117 295
117 390
117 458
117 641
117 760
117 776
117 784
117 855
117 864
118 365
118 393
118 498
118 600
118 709
118 987
119 209
119 218
119 264
119 267
119 316
119 323
119 350
119 733
119 900
120 198
120 213
120 227
120 346
120 470
120 482
120 555
120 796
121 311
121 448
121 739
121 880
121 889
121 893
121 983
122 619
122 675
122 753
122 868
122 877
123 330
123 392
123 399
123 482
123 621
123 622
123 664
123 680
123 691
123 747
123 919
124 240
124 608
124 642
124 720
124 737
124 786
124 849
124 887
124 908
125 321
125 322
125 337
125 392
125 724
125 854
125 967
126 248
126 422
126 478
126 523
126 543
126 628
126 814
126 821
126 880
126 889
127 131
127 206
127 233
127 462
127 553
127 613
127 622
127 643
127 906
128 221
128 233
128 297
128 367
128 435
128 485
128 604
128 646
128 681
128 916
128 956
128 966
129 169
129 240
129 267
129 489
129 781
129 956
130 257
130 363
130 462
130 540
130 870
130 901
130 917
130 931
130 949
131 203
131 214
131 224
131 439
131 630
131 805
131 829
131 915
131 996
132 313
132 346
132 660
132 678
132 921
132 952
133 164
133 210
133 268
133 509
133 621
133 642
133 700
133 754
133 990
134 237
134 341
134 589
134 704
134 754
134 816
134 954
135 238
135 389
135 582
135 583
135 615
135 771
135 952
136 233
136 696
136 735
136 857
136 917
137 164
137 223
137 327
137 513
137 629
138 356
138 415
138 516
138 716
138 748
139 258
139 333
139 346
139 438
139 462
139 555
139 698
139 739
139 964
140 145
140 190
140 202
140 484
140 489
140 566
140 624
140 645
140 675
140 940
141 179
141 275
141 604
141 844
141 982
142 162
142 252
142 427
142 431
142 592
142 661
142 662
142 717
142 796
142 977
143 488
143 495
143 585
143 674
143 956
144 231
144 319
144 398
144 762
144 822
144 886
144 988
145 157
145 249
145 448
145 568
145 813
145 928
146 305
146 404
146 542
146 765
146 776
147 236
147 303
147 444
147 513
147 798
147 820
147 959
148 168
148 252
148 281
148 337
148 763
149 233
149 276
149 473
149 559
149 856
149 910
149 993
150 437
150 467
150 702
150 706
150 905
150 973
151 172
151 357
151 419
151 719
151 781
151 972
151 988
152 196
152 290
152 408
152 480
152 502
152 673
152 822
152 911
152 960
152 977
153 185
153 199
153 302
153 424
153 426
153 706
153 758
153 966
154 252
154 384
154 425
154 460
154 464
154 526
154 643
154 707
154 734
154 827
154 831
154 914
155 280
155 407
155 420
155 432
155 606
155 651
155 727
155 828
156 240
156 241
156 251
156 339
156 377
156 573
156 663
156 730
157 163
157 277
157 383
157 387
157 412
157 444
157 462
157 560
157 632
157 727
157 769
157 817
157 940
158 457
158 482
158 555
158 740
158 989
159 189
159 514
159 614
159 768
159 846
159 895
160 417
160 476
160 793
160 936
161 421
161 422
161 702
162 261
162 370
162 452
162 495
162 500
162 658
162 716
163 303
163 350
163 508
163 527
163 724
163 914
163 972
164 385
164 397
164 443
164 451
164 585
164 798
164 880
165 331
165 497
165 518
165 661
165 800
165 840
165 984
166 211
166 292
166 420
166 422
166 683
166 894
167 242
167 423
167 431
167 784
167 920
167 962
168 301
168 325
168 399
168 612
168 629
168 724
168 973
169 396
169 473
169 536
169 966
170 262
170 584
170 603
170 787
170 852
170 954
170 963
171 494
171 558
171 599
171 702
171 746
172 267
172 421
172 464
172 792
173 248
173 274
173 648
173 685
173 963
174 297
174 464
174 573
174 674
174 703
174 786
175 282
175 363
175 393
175 549
175 559
175 655
176 193
176 244
176 551
176 659
176 680
176 820
176 836
176 854
176 977
177 192
177 223
177 230
177 438
177 526
177 567
177 886
178 406
178 481
178 540
178 657
178 808
178 881
179 204
179 246
179 428
179 603
179 642
179 677
179 736
179 856
179 905
179 982
180 189
180 270
180 437
180 470
180 755
180 807
180 983
181 395
181 403
181 754
181 837
182 306
182 528
182 966
182 993
183 277
183 432
183 682
184 298
184 355
184 547
184 582
184 604
184 945
185 472
185 586
185 963
186 209
186 243
186 266
186 336
186 385
186 517
186 582
186 617
186 924
187 388
187 496
187 512
187 598
187 652
188 218
188 331
188 345
188 398
188 589
188 750
188 855
188 932
188 936
188 980
189 283
189 310
189 327
189 397
189 527
189 583
189 664
189 683
189 935
190 225
190 298
190 323
190 423
190 432
190 536
190 635
190 696
190 712
190 933
191 220
191 390
191 406
191 723
191 922
192 241
192 349
192 354
192 435
192 898
192 977
193 449
193 507
193 975
194 197
194 271
194 298
194 414
194 588
194 859
194 875
195 341
195 453
195 524
195 662
195 713
195 781
195 814
195 860
195 913
195 978
196 331
196 346
196 437
196 445
196 633
196 810
196 842
196 975
196 977
197 226
197 252
197 339
197 353
197 363
197 366
197 390
197 429
197 447
197 644
197 993
198 470
198 471
198 666
198 805
199 310
199 482
199 520
199 714
199 719
199 731
199 741
199 840
200 281
200 343
200 511
200 523
200 578
200 653
200 925
200 991
201 539
201 865
201 912
202 344
202 404
202 491
202 572
202 716
203 241
203 579
203 580
203 588
204 419
204 629
204 813
205 294
205 549
205 640
205 929
205 932
206 212
206 327
206 367
206 377
206 516
206 574
206 969
207 244
207 388
207 560
207 619
207 697
207 932
208 232
208 273
208 337
208 720
208 809
208 812
208 900
208 905
208 929
209 378
209 401
209 596
209 699
209 706
209 789
210 365
210 368
210 370
210 475
210 484
210 548
210 686
211 292
211 685
211 862
211 958
212 650
212 682
212 690
212 709
212 797
212 915
212 989
213 225
213 274
213 290
213 312
213 936
213 945
213 947
214 225
214 663
214 701
214 782
214 903
214 985
215 219
215 240
215 589
215 673
215 681
215 849
215 851
215 894
216 313
216 325
216 343
216 345
216 362
216 718
216 776
217 683
218 227
218 286
218 798
219 574
219 744
219 822
219 879
219 922
219 982
220 225
220 227
220 246
220 476
220 485
220 530
220 635
220 876
220 969
221 232
221 335
221 700
222 246
222 620
222 725
222 879
223 988
223 991
224 255
224 546
224 704
225 258
225 270
225 609
225 626
225 710
225 780
225 934
226 407
226 568
226 709
227 396
227 632
227 798
227 811
227 881
228 406
228 413
228 455
228 464
228 551
228 626
228 704
228 725
228 829
229 266
229 270
229 370
229 441
229 442
230 340
230 704
230 732
230 849
230 914
231 243
231 975
232 276
232 642
232 772
232 802
232 822
232 968
233 239
233 248
233 264
233 318
233 370
233 382
233 600
233 768
233 823
234 354
234 399
234 434
234 503
234 510
234 746
234 839
234 851
234 943
235 281
235 377
235 380
235 489
235 499
235 866
235 912
235 921
235 925
236 604
236 663
236 679
237 244
237 285
237 578
237 779
237 817
237 866
237 960
238 245
238 272
238 400
238 562
238 819
238 990
239 422
239 617
239 670
239 795
239 808
239 810
239 823
239 860
239 892
239 932
239 949
240 359
240 688
240 711
240 916
241 565
241 601
241 609
241 875
242 287
242 294
242 360
242 433
242 498
242 533
242 657
242 962
243 252
243 337
243 770
243 786
243 838
243 981
244 259
244 414
244 662
244 673
245 305
245 487
245 507
245 548
245 749
245 806
245 921
246 381
246 424
246 515
246 642
246 823
247 286
247 302
247 388
247 407
247 409
247 412
247 535
247 615
247 700
247 731
247 891
248 373
248 396
248 466
248 613
249 454
249 668
249 683
249 736
249 795
249 810
249 903
249 922
249 946
249 956
250 275
250 329
250 369
250 551
250 572
250 628
250 936
251 326
251 339
251 695
251 777
251 994
252 479
252 505
252 520
252 578
252 626
253 324
253 647
253 747
253 790
253 895
254 398
254 563
254 769
254 795
254 797
254 900
255 352
255 504
255 534
255 582
255 631
255 862
255 918
256 349
256 381
256 413
256 434
256 445
256 543
256 776
256 826
256 873
256 880
256 924
256 986
257 296
257 331
257 371
257 627
257 729
257 839
257 895
258 517
258 582
258 913
259 347
259 497
259 965
260 286
260 670
260 766
260 923
261 299
261 422
261 541
261 935
262 264
262 315
262 647
262 827
262 936
263 391
263 501
263 657
263 822
263 841
263 873
263 975
263 994
264 602
264 635
264 702
264 847
265 316
265 374
265 683
265 723
265 854
265 979
266 436
266 445
266 618
266 682
266 718
266 722
266 781
266 996
267 694
267 771
267 982
268 304
268 477
268 766
268 769
268 840
268 932
269 490
269 493
269 773
269 799
270 275
270 313
270 399
270 411
270 425
270 434
270 517
270 665
270 900
270 997
271 274
271 425
271 443
271 579
271 632
271 738
271 996
272 275
272 333
272 469
272 536
272 752
272 799
272 912
273 296
273 542
273 634
273 650
274 346
274 361
274 609
274 741
274 846
274 857
275 353
275 659
275 767
275 789
276 303
276 353
276 361
276 403
276 504
276 613
276 693
276 735
276 745
276 760
277 658
277 768
277 955
278 533
278 567
278 629
278 643
278 756
278 769
278 798
278 992
279 607
279 800
279 811
279 902
279 997
280 317
280 320
280 355
280 557
280 659
280 682
280 785
280 986
280 993
281 380
281 535
281 648
281 731
281 741
281 775
281 784
281 883
282 433
282 446
282 561
282 709
282 862
282 942
283 369
283 380
283 494
283 505
283 614
283 832
283 963
283 990
284 413
284 415
284 526
284 580
284 616
284 626
285 331
285 426
285 431
285 507
285 817
286 404
286 553
286 699
286 966
287 344
287 412
288 418
288 471
288 472
288 530
288 657
288 715
289 614
290 341
290 609
290 830
290 842
291 366
291 480
291 606
291 753
291 834
291 998
292 476
292 496
292 695
292 774
293 352
293 489
293 549
293 733
293 893
294 474
294 553
294 687
294 844
294 940
295 384
295 615
295 657
295 931
296 388
296 504
296 574
296 723
296 814
296 818
296 861
296 907
297 633
297 712
297 783
297 910
298 328
298 615
298 886
299 330
299 389
299 640
299 708
299 829
299 850
299 861
300 541
300 808
301 503
301 549
301 606
301 718
301 772
302 370
302 382
302 395
302 595
303 489
303 502
303 508
303 876
303 965
304 634
304 647
304 749
304 761
305 311
305 407
305 653
305 983
306 314
306 472
306 511
306 745
306 861
307 451
307 458
307 491
307 546
307 600
307 693
307 828
307 846
308 322
308 384
308 507
308 592
308 730
308 892
309 482
309 509
309 712
309 798
309 940
310 325
310 380
310 416
310 579
310 810
310 976
311 350
311 365
311 404
311 441
311 834
311 889
312 379
312 491
312 600
312 955
313 355
313 472
313 537
313 543
313 621
313 850
313 885
314 345
314 739
314 891
314 908
314 919
314 928
314 980
315 320
315 537
315 620
315 836
316 425
316 928
317 340
317 370
317 410
317 539
317 540
317 551
317 885
318 354
318 367
318 639
318 711
318 735
318 916
319 782
319 830
319 864
319 997
320 542
320 850
320 918
320 966
320 975
320 987
321 854
321 873
322 379
322 449
322 453
322 567
322 618
322 698
322 971
323 517
323 636
323 681
323 767
323 837
323 930
324 438
324 505
324 509
324 661
324 708
324 898
324 996
325 380
325 389
325 733
325 795
325 837
325 844
325 898
326 392
326 676
326 713
326 767
326 779
327 365
327 609
327 762
327 785
327 797
327 847
327 872
327 982
328 377
328 529
328 544
328 564
328 635
328 682
328 833
328 852
328 960
329 332
329 428
329 561
329 597
329 684
329 766
329 830
329 922
330 362
330 448
330 475
330 553
330 640
330 645
330 657
330 810
330 858
330 900
330 916
331 469
331 828
331 912
332 592
333 345
333 346
333 556
333 576
333 635
333 941
334 923
334 942
334 989
335 379
335 413
335 458
335 561
335 898
335 932
335 947
335 979
335 980
336 472
336 493
336 604
336 737
336 808
336 969
337 471
337 607
337 845
337 916
337 989
338 347
338 435
338 627
338 816
338 877
338 989
339 404
339 473
339 809
340 360
340 402
340 452
340 596
340 639
340 746
340 807
340 888
340 972
341 895
342 417
342 498
342 527
342 669
342 717
342 765
342 780
342 836
342 897
343 383
343 573
343 691
343 741
343 800
343 829
343 970
343 972
344 367
344 415
344 529
344 951
344 962
345 448
345 622
345 716
345 756
345 859
345 989
346 492
346 605
346 664
346 758
346 822
346 982
347 376
347 449
347 496
347 505
347 596
347 686
347 859
347 977
348 433
348 589
348 601
348 679
348 709
348 861
348 919
349 538
349 631
349 732
349 995
350 532
350 540
350 645
350 724
350 750
350 751
350 945
350 994
351 455
351 479
351 563
351 721
351 738
351 821
352 487
352 998
353 411
353 598
353 741
353 742
353 827
353 838
353 936
353 957
354 446
354 517
354 706
354 881
354 916
355 386
355 397
355 505
355 810
355 902
356 398
356 452
356 513
356 544
356 573
356 630
356 710
356 801
356 833
356 844
356 918
357 380
357 464
357 551
357 736
357 746
358 387
358 405
358 643
358 661
358 739
358 956
359 481
359 623
359 908
359 989
360 525
360 530
360 539
360 832
360 859
361 657
361 674
361 784
362 383
362 652
362 830
362 835
363 432
363 658
363 751
363 955
364 372
364 419
364 432
364 607
364 659
364 872
364 907
364 933
365 453
365 518
365 592
365 795
365 810
365 952
365 994
366 529
366 618
366 733
366 738
366 785
367 446
367 453
367 515
367 549
367 845
368 528
368 668
368 766
369 441
369 513
369 524
369 609
369 681
369 993
370 598
370 601
370 701
370 721
370 729
370 759
370 774
371 383
371 609
371 816
371 857
371 899
372 453
372 488
372 551
372 570
372 669
372 765
372 826
372 828
372 903
372 981
373 478
373 771
373 781
373 933
373 939
374 472
374 501
374 512
374 619
374 665
374 846
374 952
374 974
374 983
375 400
375 601
375 714
375 743
375 884
376 592
376 650
376 679
376 718
376 757
376 873
376 937
377 405
377 412
377 725
377 885
377 962
378 613
378 660
379 453
379 519
379 558
379 649
379 727
379 809
379 940
380 461
380 478
380 494
380 555
380 701
380 850
380 857
381 414
381 452
381 528
381 629
381 733
381 746
382 394
382 657
382 763
382 996
383 817
384 562
384 647
384 662
384 851
384 856
384 907
385 434
385 580
385 622
385 771
385 929
385 934
386 523
386 649
386 866
386 901
386 981
387 610
387 625
387 675
389 520
389 623
389 662
389 745
389 767
389 803
389 821
390 643
390 749
390 788
390 809
390 967
391 487
391 820
391 881
391 926
391 981
392 454
392 459
392 508
392 561
392 899
393 416
393 434
393 637
393 846
393 979
394 454
394 469
394 592
394 631
394 649
394 672
394 675
394 745
394 893
394 902
395 545
395 716
395 819
395 889
395 935
396 684
396 795
396 832
396 853
397 445
397 458
397 531
397 575
397 616
397 630
397 745
397 774
397 828
397 872
397 911
398 521
398 812
399 425
399 451
399 506
399 839
400 510
400 544
400 546
400 639
400 792
401 633
401 788
401 922
401 948
401 987
402 450
402 733
402 764
402 992
403 612
403 791
403 899
404 492
404 914
405 409
405 436
405 437
405 634
405 774
405 921
405 957
405 966
406 449
406 521
406 665
406 873
406 886
407 661
407 684
407 901
407 975
407 987
408 509
408 577
408 834
408 925
408 928
409 631
409 645
409 770
409 803
409 949
410 481
410 608
410 669
410 981
410 991
411 453
411 470
411 530
411 805
411 810
411 930
412 513
412 734
412 809
413 475
413 604
413 608
413 702
413 940
414 810
414 813
415 525
416 488
416 824
416 865
416 911
416 934
417 912
418 504
418 682
418 693
418 769
418 917
418 927
418 969
418 998
419 486
419 725
419 852
419 873
420 567
420 642
420 683
420 702
420 939
420 981
421 540
421 556
421 665
421 692
421 766
422 672
423 726
424 494
424 496
424 725
424 875
424 887
424 920
424 924
425 579
425 597
425 641
425 708
425 828
425 920
426 750
426 850
426 917
427 455
427 550
427 658
427 769
427 825
427 870
427 921
428 647
428 794
428 839
428 901
429 488
429 539
429 723
429 753
429 794
429 806
429 959
430 601
431 468
431 537
431 543
431 554
431 608
431 656
431 798
431 927
431 984
432 541
432 702
432 740
432 983
433 555
433 694
433 810
433 930
434 576
434 603
434 636
434 783
434 878
435 454
435 512
435 605
435 797
435 817
435 892
436 459
436 483
436 610
436 750
436 821
436 920
436 951
437 502
437 540
437 622
437 656
437 761
437 803
438 475
438 655
438 754
438 922
439 545
439 556
439 647
439 818
440 504
440 521
440 686
440 697
440 881
441 869
442 515
442 709
442 860
442 879
442 935
442 968
443 691
443 891
443 963
444 571
444 673
444 713
444 827
445 475
445 641
445 948
446 517
446 583
446 816
446 827
447 454
447 636
447 708
447 721
447 796
447 823
447 842
447 885
448 470
448 518
448 655
448 918
449 594
449 820
450 565
450 588
451 614
451 706
451 762
451 845
452 529
452 572
452 694
452 696
452 748
452 797
452 939
452 989
453 464
453 539
453 559
453 730
453 990
454 582
454 837
454 873
454 957
454 970
455 489
455 883
456 955
456 963
457 473
457 595
457 713
457 970
458 507
458 623
458 693
458 856
458 940
459 505
459 557
459 796
459 969
460 582
460 632
461 499
461 521
461 854
462 485
462 680
462 732
462 747
462 885
462 994
463 499
463 511
463 530
463 668
463 872
463 901
463 975
463 997
464 469
464 851
464 909
465 483
465 500
465 519
465 712
466 722
466 763
466 843
466 990
467 500
467 606
467 712
467 719
467 804
467 870
468 863
469 580
469 849
469 975
470 496
470 697
470 720
470 954
471 578
471 611
471 627
471 716
471 802
471 921
472 489
472 617
472 698
472 865
473 523
473 662
473 744
473 820
473 908
474 488
474 518
474 563
474 604
474 736
474 982
475 846
476 605
476 617
476 632
476 692
476 782
476 809
476 827
476 881
477 576
477 593
477 597
477 817
478 573
478 739
478 841
478 927
478 984
479 571
479 603
479 740
479 944
479 959
480 489
480 653
480 660
480 662
480 919
481 765
481 842
481 889
481 977
482 541
482 612
482 787
483 593
483 681
483 683
483 695
483 706
483 758
483 973
484 583
484 894
484 990
485 505
485 535
485 541
485 668
485 766
486 530
486 636
486 998
487 506
487 594
487 730
487 741
487 797
487 973
488 502
488 597
488 620
488 718
488 793
488 849
488 990
489 500
489 646
489 770
489 796
489 971
490 659
490 753
490 804
490 977
491 518
491 568
491 584
491 691
492 662
492 664
492 991
493 762
493 786
493 909
494 574
494 690
494 699
494 700
494 716
495 545
495 567
495 824
495 888
496 512
496 552
496 560
496 691
496 817
496 885
496 958
497 570
497 596
497 642
497 829
497 846
497 965
498 591
498 699
498 963
499 731
499 960
500 580
501 771
501 830
501 832
501 870
501 945
502 798
502 881
503 560
503 597
503 718
504 679
504 798
504 903
505 863
505 883
505 951
506 518
506 608
506 668
507 719
507 780
508 602
508 639
508 681
508 813
508 876
509 621
510 649
510 816
511 587
511 663
511 815
511 830
511 950
512 622
512 640
512 769
513 649
513 944
514 599
514 650
514 664
514 708
514 761
514 783
514 860
514 904
514 919
516 529
516 599
516 678
516 702
516 811
516 824
516 895
517 812
517 997
518 525
518 608
518 653
518 748
518 783
518 857
519 555
519 595
519 712
519 738
519 849
519 990
520 548
520 612
520 713
521 619
521 726
521 920
521 975
522 607
522 664
522 709
522 800
522 849
522 988
523 542
523 545
523 565
523 847
524 656
525 733
525 821
526 635
526 803
526 854
526 936
527 576
527 587
527 828
527 845
527 881
527 899
527 950
528 881
528 892
528 928
529 602
529 874
530 607
530 618
530 872
530 940
531 742
531 859
531 896
531 997
532 623
532 695
532 756
532 841
532 843
532 902
533 688
533 805
534 554
534 815
534 826
534 971
535 543
535 696
535 751
535 878
535 944
536 637
536 649
536 690
536 838
537 900
537 940
537 971
538 539
539 631
539 784
539 990
540 642
540 705
540 767
540 788
541 814
541 840
541 855
541 906
541 954
542 921
542 922
542 959
543 872
543 926
544 668
544 903
545 573
545 663
545 669
545 765
545 787
545 828
545 952
546 782
546 932
546 999
547 935
548 561
548 679
548 928
549 560
549 576
549 722
549 882
549 916
549 973
550 669
550 703
550 786
550 802
551 855
551 942
551 961
551 967
552 553
552 622
552 650
552 714
552 717
552 753
552 835
552 843
552 903
552 905
553 719
553 962
554 608
554 630
554 688
554 744
555 574
555 620
555 651
555 666
555 936
555 958
556 653
556 757
556 784
556 790
557 760
557 895
558 573
558 574
558 831
558 912
558 942
559 588
559 759
559 912
560 749
560 767
560 822
560 829
561 600
561 794
561 994
562 915
563 735
563 799
564 715
564 871
564 874
564 975
565 688
565 704
565 815
565 926
566 756
566 762
566 845
566 861
566 976
567 624
567 720
567 875
567 933
568 795
568 798
568 816
568 957
569 886
569 890
570 834
570 838
570 891
571 713
572 707
572 758
572 791
572 815
573 675
574 661
574 671
574 790
574 949
575 636
575 651
575 652
576 577
576 591
576 655
576 666
577 596
577 606
577 679
577 759
577 801
577 977
578 713
578 793
579 736
579 870
580 641
580 717
581 853
581 914
582 671
582 858
583 631
583 652
583 734
583 760
583 850
583 937
584 621
584 624
584 679
584 680
584 825
584 994
585 938
585 947
586 691
586 775
586 843
586 894
587 643
587 655
587 719
587 760
587 787
588 714
588 739
588 756
588 787
588 895
588 998
589 648
590 640
590 880
590 902
591 601
591 996
592 594
592 637
592 690
593 810
593 811
593 993
594 800
594 899
594 941
595 629
595 661
595 824
595 829
595 887
595 895
595 931
596 719
596 741
596 799
596 864
597 600
597 888
597 966
598 690
598 856
598 933
598 940
598 992
599 651
599 778
599 904
599 939
599 945
599 952
600 832
600 839
600 910
600 919
601 911
601 972
602 620
602 756
602 865
603 731
603 945
604 841
604 945
605 621
605 747
606 653
606 683
607 743
607 764
607 964
608 629
608 769
608 781
608 827
608 896
609 681
609 722
609 758
609 901
609 933
610 631
610 633
610 651
610 688
610 725
611 663
611 790
611 884
612 654
612 666
612 745
612 999
613 727
614 983
614 993
615 762
615 785
615 887
616 881
616 913
617 659
617 760
617 772
617 865
617 940
618 800
618 944
619 677
619 747
619 800
619 890
620 740
620 804
620 820
620 851
621 674
621 880
621 906
622 907
622 991
623 806
623 840
623 852
623 862
623 868
623 906
624 930
625 828
625 968
625 989
626 911
626 970
627 710
627 797
627 989
629 630
629 817
629 949
630 684
631 747
631 960
632 819
632 893
632 913
633 891
633 905
633 944
634 640
634 992
635 799
635 806
636 979
637 992
638 722
638 831
639 820
640 792
640 838
640 864
640 867
640 892
640 909
641 675
641 881
641 883
642 855
642 979
643 661
643 836
644 817
644 819
644 899
645 818
646 676
646 679
646 749
646 774
646 779
646 791
646 822
648 650
648 975
649 906
649 980
650 871
651 698
651 841
652 704
652 749
652 908
653 696
653 816
653 953
653 972
654 672
654 696
654 721
654 758
654 887
655 764
655 845
656 697
656 705
656 780
656 888
656 911
657 733
657 916
657 921
658 829
659 844
659 964
660 821
661 780
661 815
662 674
662 703
662 787
662 799
662 879
662 987
663 898
663 953
663 964
663 968
664 716
664 838
664 876
664 977
664 998
665 847
665 906
666 868
666 882
666 966
667 956
667 963
667 987
668 705
668 803
668 997
669 833
670 762
670 797
670 887
671 913
673 809
673 969
674 828
676 744
677 984
677 994
678 776
678 815
678 902
678 978
679 739
680 809
680 968
681 728
681 752
681 797
681 799
681 844
681 994
682 869
682 967
684 742
684 794
684 796
684 897
685 759
685 801
685 917
685 990
686 726
686 759
686 805
688 898
689 720
689 796
689 883
689 960
689 985
691 905
691 972
692 943
694 905
695 719
695 721
695 728
695 895
695 972
696 697
697 717
697 742
698 764
698 872
698 929
699 995
700 720
700 732
700 739
701 903
701 962
701 985
702 714
703 722
703 741
703 954
704 859
704 871
706 763
706 885
706 900
706 995
708 788
708 851
708 987
709 777
710 741
711 779
711 811
711 881
712 762
712 792
712 946
712 969
713 835
713 866
713 966
713 988
714 780
715 799
715 850
715 858
715 886
716 807
717 970
718 733
718 825
719 741
719 762
719 841
719 884
719 915
719 942
719 965
720 811
720 819
721 808
722 745
722 749
722 802
723 777
723 854
723 908
724 773
724 785
724 890
725 740
725 845
725 893
725 966
725 997
726 996
727 741
727 857
728 843
728 942
729 773
729 960
730 745
730 760
730 775
730 978
731 945
731 980
732 736
732 993
733 884
734 786
734 793
734 797
735 759
735 937
736 841
737 898
738 808
738 908
739 759
739 924
740 743
740 751
740 884
741 767
741 868
742 830
742 838
742 867
743 807
743 840
744 997
746 863
746 870
746 879
746 994
747 854
747 937
748 814
749 763
749 797
749 836
749 839
749 914
750 871
751 760
752 780
752 901
752 917
754 763
754 925
755 778
756 777
756 838
756 985
757 839
757 850
757 953
758 948
759 850
759 851
760 811
760 885
761 768
762 861
762 885
762 920
762 948
763 852
764 873
764 874
765 821
766 987
767 995
768 804
768 866
768 960
769 794
769 886
769 950
769 956
770 801
770 895
771 848
771 977
772 855
772 988
773 804
773 826
773 893
773 914
774 816
774 983
775 895
775 974
775 999
776 807
776 921
776 946
778 805
778 939
778 990
779 920
780 881
782 863
782 984
783 852
784 868
785 911
786 826
786 894
787 844
788 862
788 882
789 894
790 818
790 843
790 937
791 895
792 818
793 811
794 946
796 918
796 939
797 836
797 870
797 940
798 870
798 968
799 987
800 816
800 879
801 861
802 819
802 876
803 976
803 999
805 899
807 876
808 892
808 926
808 935
808 936
809 835
809 921
810 847
811 902
812 892
812 900
812 903
812 910
813 859
813 903
813 914
814 843
814 914
815 829
816 843
816 890
816 931
818 852
818 887
818 915
818 985
819 908
819 918
820 903
820 945
820 972
821 869
821 878
821 889
823 868
823 977
823 981
824 850
825 919
825 950
826 850
826 905
826 921
827 850
828 980
829 856
830 872
830 929
830 994
832 955
834 969
836 971
836 989
838 945
838 969
839 955
839 977
839 991
840 947
841 859
841 960
842 900
842 934
842 998
844 897
844 917
844 957
845 895
845 925
845 961
847 979
850 909
850 954
852 858
852 977
854 867
854 928
855 933
856 890
857 868
857 873
857 993
858 907
858 926
858 944
858 989
858 999
859 961
865 895
865 922
865 943
867 892
867 934
867 977
868 910
870 926
870 949
871 926
871 934
873 905
873 995
874 962
874 996
875 924
875 952
875 961
876 882
878 907
878 947
878 989
880 945
881 992
883 930
884 989
887 963
888 932
888 934
889 960
892 926
893 994
894 915
894 935
894 942
896 906
898 977
901 941
901 974
902 927
903 918
903 962
905 960
906 939
909 916
911 978
914 922
914 983
915 958
915 981
916 920
916 977
917 997
918 957
921 927
921 937
924 991
929 953
934 970
942 953
942 985
942 988
946 967
952 965
953 974
954 957
955 982
964 984
972 986
976 982
977 991
978 989
